[106, 109, 127]	 (66727)
[106, 109]	 (66819)
[106, 127]	 (66727)
[106]	 (66819)
[109, 127]	 (67377)
[109]	 (67469)
[127]	 (67465)
[37, 106, 109, 127]	 (66212)
[37, 106, 109]	 (66304)
[37, 106, 127]	 (66212)
[37, 106]	 (66304)
[37, 109, 127]	 (66862)
[37, 109]	 (66954)
[37, 127]	 (66950)
[37, 55, 106, 109, 127]	 (65699)
[37, 55, 106, 109]	 (65791)
[37, 55, 106, 127]	 (65699)
[37, 55, 106]	 (65791)
[37, 55, 109, 127]	 (66349)
[37, 55, 109]	 (66441)
[37, 55, 127]	 (66437)
[37, 55, 72, 109, 127]	 (64833)
[37, 55, 72, 109]	 (64925)
[37, 55, 72, 127]	 (64921)
[37, 55, 72, 75, 109, 127]	 (64833)
[37, 55, 72, 75, 109]	 (64925)
[37, 55, 72, 75, 127]	 (64921)
[37, 55, 72, 75, 88, 91]	 (64384)
[37, 55, 72, 75, 88]	 (64384)
[37, 55, 72, 75, 91, 109, 127]	 (64749)
[37, 55, 72, 75, 91, 109]	 (64841)
[37, 55, 72, 75, 91, 127]	 (64837)
[37, 55, 72, 75, 91]	 (64929)
[37, 55, 72, 75]	 (65013)
[37, 55, 72, 88, 91]	 (64384)
[37, 55, 72, 88]	 (64384)
[37, 55, 72, 91, 109, 127]	 (64749)
[37, 55, 72, 91, 109]	 (64841)
[37, 55, 72, 91, 127]	 (64837)
[37, 55, 72, 91]	 (64929)
[37, 55, 72]	 (65013)
[37, 55, 75, 106, 109, 127]	 (65387)
[37, 55, 75, 106, 109]	 (65479)
[37, 55, 75, 106, 127]	 (65387)
[37, 55, 75, 106]	 (65479)
[37, 55, 75, 109, 127]	 (66037)
[37, 55, 75, 109]	 (66129)
[37, 55, 75, 127]	 (66125)
[37, 55, 75, 88, 109, 127]	 (65408)
[37, 55, 75, 88, 109]	 (65500)
[37, 55, 75, 88, 127]	 (65496)
[37, 55, 75, 88, 91, 109, 127]	 (65408)
[37, 55, 75, 88, 91, 109]	 (65500)
[37, 55, 75, 88, 91, 127]	 (65496)
[37, 55, 75, 88, 91]	 (65588)
[37, 55, 75, 88]	 (65588)
[37, 55, 75, 91, 106, 109, 127]	 (65303)
[37, 55, 75, 91, 106, 109]	 (65395)
[37, 55, 75, 91, 106, 127]	 (65303)
[37, 55, 75, 91, 106]	 (65395)
[37, 55, 75, 91, 109, 127]	 (65953)
[37, 55, 75, 91, 109]	 (66045)
[37, 55, 75, 91, 127]	 (66041)
[37, 55, 75, 91]	 (66133)
[37, 55, 75]	 (66217)
[37, 55, 88, 109, 127]	 (65720)
[37, 55, 88, 109]	 (65812)
[37, 55, 88, 127]	 (65808)
[37, 55, 88, 91, 109, 127]	 (65720)
[37, 55, 88, 91, 109]	 (65812)
[37, 55, 88, 91, 127]	 (65808)
[37, 55, 88, 91]	 (65900)
[37, 55, 88]	 (65900)
[37, 55, 91, 106, 109, 127]	 (65615)
[37, 55, 91, 106, 109]	 (65707)
[37, 55, 91, 106, 127]	 (65615)
[37, 55, 91, 106]	 (65707)
[37, 55, 91, 109, 127]	 (66265)
[37, 55, 91, 109]	 (66357)
[37, 55, 91, 127]	 (66353)
[37, 55, 91]	 (66445)
[37, 55]	 (66529)
[37, 72, 106, 109]	 (64788)
[37, 72, 106]	 (64788)
[37, 72, 109, 127]	 (65346)
[37, 72, 109]	 (65438)
[37, 72, 127]	 (65434)
[37, 72, 75, 106, 109]	 (64788)
[37, 72, 75, 106]	 (64788)
[37, 72, 75, 109, 127]	 (65346)
[37, 72, 75, 109]	 (65438)
[37, 72, 75, 127]	 (65434)
[37, 72, 75, 88, 109]	 (64809)
[37, 72, 75, 88, 91, 109]	 (64809)
[37, 72, 75, 88, 91]	 (64897)
[37, 72, 75, 88]	 (64897)
[37, 72, 75, 91, 106, 109]	 (64704)
[37, 72, 75, 91, 106]	 (64704)
[37, 72, 75, 91, 109, 127]	 (65262)
[37, 72, 75, 91, 109]	 (65354)
[37, 72, 75, 91, 127]	 (65350)
[37, 72, 75, 91]	 (65442)
[37, 72, 75]	 (65526)
[37, 72, 88, 109]	 (64809)
[37, 72, 88, 91, 109]	 (64809)
[37, 72, 88, 91]	 (64897)
[37, 72, 88]	 (64897)
[37, 72, 91, 106, 109]	 (64704)
[37, 72, 91, 106]	 (64704)
[37, 72, 91, 109, 127]	 (65262)
[37, 72, 91, 109]	 (65354)
[37, 72, 91, 127]	 (65350)
[37, 72, 91]	 (65442)
[37, 72]	 (65526)
[37, 75, 106, 109, 127]	 (65900)
[37, 75, 106, 109]	 (65992)
[37, 75, 106, 127]	 (65900)
[37, 75, 106]	 (65992)
[37, 75, 109, 127]	 (66550)
[37, 75, 109]	 (66642)
[37, 75, 127]	 (66638)
[37, 75, 88, 106, 109]	 (65363)
[37, 75, 88, 106]	 (65363)
[37, 75, 88, 109, 127]	 (65921)
[37, 75, 88, 109]	 (66013)
[37, 75, 88, 127]	 (66009)
[37, 75, 88, 91, 106, 109]	 (65363)
[37, 75, 88, 91, 106]	 (65363)
[37, 75, 88, 91, 109, 127]	 (65921)
[37, 75, 88, 91, 109]	 (66013)
[37, 75, 88, 91, 127]	 (66009)
[37, 75, 88, 91]	 (66101)
[37, 75, 88]	 (66101)
[37, 75, 91, 106, 109, 127]	 (65816)
[37, 75, 91, 106, 109]	 (65908)
[37, 75, 91, 106, 127]	 (65816)
[37, 75, 91, 106]	 (65908)
[37, 75, 91, 109, 127]	 (66466)
[37, 75, 91, 109]	 (66558)
[37, 75, 91, 127]	 (66554)
[37, 75, 91]	 (66646)
[37, 75]	 (66730)
[37, 88, 106, 109]	 (65675)
[37, 88, 106]	 (65675)
[37, 88, 109, 127]	 (66233)
[37, 88, 109]	 (66325)
[37, 88, 127]	 (66321)
[37, 88, 91, 106, 109]	 (65675)
[37, 88, 91, 106]	 (65675)
[37, 88, 91, 109, 127]	 (66233)
[37, 88, 91, 109]	 (66325)
[37, 88, 91, 127]	 (66321)
[37, 88, 91]	 (66413)
[37, 88]	 (66413)
[37, 91, 106, 109, 127]	 (66128)
[37, 91, 106, 109]	 (66220)
[37, 91, 106, 127]	 (66128)
[37, 91, 106]	 (66220)
[37, 91, 109, 127]	 (66778)
[37, 91, 109]	 (66870)
[37, 91, 127]	 (66866)
[37, 91]	 (66958)
[37]	 (67042)
[52, 109, 127]	 (64963)
[52, 109]	 (65055)
[52, 127]	 (65051)
[52, 55, 109, 127]	 (64963)
[52, 55, 109]	 (65055)
[52, 55, 127]	 (65051)
[52, 55, 75, 109, 127]	 (64651)
[52, 55, 75, 109]	 (64743)
[52, 55, 75, 127]	 (64739)
[52, 55, 75, 91, 109, 127]	 (64567)
[52, 55, 75, 91, 109]	 (64659)
[52, 55, 75, 91, 127]	 (64655)
[52, 55, 75, 91]	 (64747)
[52, 55, 75]	 (64831)
[52, 55, 91, 109, 127]	 (64879)
[52, 55, 91, 109]	 (64971)
[52, 55, 91, 127]	 (64967)
[52, 55, 91]	 (65059)
[52, 55]	 (65143)
[52, 75, 109, 127]	 (64651)
[52, 75, 109]	 (64743)
[52, 75, 127]	 (64739)
[52, 75, 91, 109, 127]	 (64567)
[52, 75, 91, 109]	 (64659)
[52, 75, 91, 127]	 (64655)
[52, 75, 91]	 (64747)
[52, 75]	 (64831)
[52, 91, 109, 127]	 (64879)
[52, 91, 109]	 (64971)
[52, 91, 127]	 (64967)
[52, 91]	 (65059)
[52]	 (65143)
[55, 106, 109, 127]	 (66214)
[55, 106, 109]	 (66306)
[55, 106, 127]	 (66214)
[55, 106]	 (66306)
[55, 109, 127]	 (66864)
[55, 109]	 (66956)
[55, 127]	 (66952)
[55, 72, 106, 109]	 (64790)
[55, 72, 106]	 (64790)
[55, 72, 109, 127]	 (65348)
[55, 72, 109]	 (65440)
[55, 72, 127]	 (65436)
[55, 72, 75, 106, 109]	 (64790)
[55, 72, 75, 106]	 (64790)
[55, 72, 75, 109, 127]	 (65348)
[55, 72, 75, 109]	 (65440)
[55, 72, 75, 127]	 (65436)
[55, 72, 75, 88, 109]	 (64811)
[55, 72, 75, 88, 91, 109]	 (64811)
[55, 72, 75, 88, 91]	 (64899)
[55, 72, 75, 88]	 (64899)
[55, 72, 75, 91, 106, 109]	 (64706)
[55, 72, 75, 91, 106]	 (64706)
[55, 72, 75, 91, 109, 127]	 (65264)
[55, 72, 75, 91, 109]	 (65356)
[55, 72, 75, 91, 127]	 (65352)
[55, 72, 75, 91]	 (65444)
[55, 72, 75]	 (65528)
[55, 72, 88, 109]	 (64811)
[55, 72, 88, 91, 109]	 (64811)
[55, 72, 88, 91]	 (64899)
[55, 72, 88]	 (64899)
[55, 72, 91, 106, 109]	 (64706)
[55, 72, 91, 106]	 (64706)
[55, 72, 91, 109, 127]	 (65264)
[55, 72, 91, 109]	 (65356)
[55, 72, 91, 127]	 (65352)
[55, 72, 91]	 (65444)
[55, 72]	 (65528)
[55, 75, 106, 109, 127]	 (65902)
[55, 75, 106, 109]	 (65994)
[55, 75, 106, 127]	 (65902)
[55, 75, 106]	 (65994)
[55, 75, 109, 127]	 (66552)
[55, 75, 109]	 (66644)
[55, 75, 127]	 (66640)
[55, 75, 88, 106, 109]	 (65365)
[55, 75, 88, 106]	 (65365)
[55, 75, 88, 109, 127]	 (65923)
[55, 75, 88, 109]	 (66015)
[55, 75, 88, 127]	 (66011)
[55, 75, 88, 91, 106, 109]	 (65365)
[55, 75, 88, 91, 106]	 (65365)
[55, 75, 88, 91, 109, 127]	 (65923)
[55, 75, 88, 91, 109]	 (66015)
[55, 75, 88, 91, 127]	 (66011)
[55, 75, 88, 91]	 (66103)
[55, 75, 88]	 (66103)
[55, 75, 91, 106, 109, 127]	 (65818)
[55, 75, 91, 106, 109]	 (65910)
[55, 75, 91, 106, 127]	 (65818)
[55, 75, 91, 106]	 (65910)
[55, 75, 91, 109, 127]	 (66468)
[55, 75, 91, 109]	 (66560)
[55, 75, 91, 127]	 (66556)
[55, 75, 91]	 (66648)
[55, 75]	 (66732)
[55, 88, 106, 109]	 (65677)
[55, 88, 106]	 (65677)
[55, 88, 109, 127]	 (66235)
[55, 88, 109]	 (66327)
[55, 88, 127]	 (66323)
[55, 88, 91, 106, 109]	 (65677)
[55, 88, 91, 106]	 (65677)
[55, 88, 91, 109, 127]	 (66235)
[55, 88, 91, 109]	 (66327)
[55, 88, 91, 127]	 (66323)
[55, 88, 91]	 (66415)
[55, 88]	 (66415)
[55, 91, 106, 109, 127]	 (66130)
[55, 91, 106, 109]	 (66222)
[55, 91, 106, 127]	 (66130)
[55, 91, 106]	 (66222)
[55, 91, 109, 127]	 (66780)
[55, 91, 109]	 (66872)
[55, 91, 127]	 (66868)
[55, 91]	 (66960)
[55]	 (67044)
[72, 106, 109, 127]	 (65211)
[72, 106, 109]	 (65303)
[72, 106, 127]	 (65211)
[72, 106]	 (65303)
[72, 109, 127]	 (65861)
[72, 109]	 (65953)
[72, 127]	 (65949)
[72, 75, 106, 109, 127]	 (65211)
[72, 75, 106, 109]	 (65303)
[72, 75, 106, 127]	 (65211)
[72, 75, 106]	 (65303)
[72, 75, 109, 127]	 (65861)
[72, 75, 109]	 (65953)
[72, 75, 127]	 (65949)
[72, 75, 88, 109]	 (65324)
[72, 75, 88, 127]	 (65320)
[72, 75, 88, 91, 109]	 (65324)
[72, 75, 88, 91, 127]	 (65320)
[72, 75, 88, 91]	 (65412)
[72, 75, 88]	 (65412)
[72, 75, 91, 106, 109]	 (65219)
[72, 75, 91, 106]	 (65219)
[72, 75, 91, 109, 127]	 (65777)
[72, 75, 91, 109]	 (65869)
[72, 75, 91, 127]	 (65865)
[72, 75, 91]	 (65957)
[72, 75]	 (66041)
[72, 88, 109]	 (65324)
[72, 88, 127]	 (65320)
[72, 88, 91, 109]	 (65324)
[72, 88, 91, 127]	 (65320)
[72, 88, 91]	 (65412)
[72, 88]	 (65412)
[72, 91, 106, 109]	 (65219)
[72, 91, 106]	 (65219)
[72, 91, 109, 127]	 (65777)
[72, 91, 109]	 (65869)
[72, 91, 127]	 (65865)
[72, 91]	 (65957)
[72]	 (66041)
[75, 106, 109, 127]	 (66415)
[75, 106, 109]	 (66507)
[75, 106, 127]	 (66415)
[75, 106]	 (66507)
[75, 109, 127]	 (67065)
[75, 109]	 (67157)
[75, 127]	 (67153)
[75, 85, 88, 91]	 (65138)
[75, 85, 88]	 (65138)
[75, 85, 91]	 (65138)
[75, 85]	 (65138)
[75, 88, 106, 109]	 (65878)
[75, 88, 106]	 (65878)
[75, 88, 109, 127]	 (66436)
[75, 88, 109]	 (66528)
[75, 88, 127]	 (66524)
[75, 88, 91, 106, 109]	 (65878)
[75, 88, 91, 106]	 (65878)
[75, 88, 91, 109, 127]	 (66436)
[75, 88, 91, 109]	 (66528)
[75, 88, 91, 127]	 (66524)
[75, 88, 91]	 (66616)
[75, 88]	 (66616)
[75, 91, 106, 109, 127]	 (66331)
[75, 91, 106, 109]	 (66423)
[75, 91, 106, 127]	 (66331)
[75, 91, 106]	 (66423)
[75, 91, 109, 127]	 (66981)
[75, 91, 109]	 (67073)
[75, 91, 127]	 (67069)
[75, 91]	 (67161)
[75]	 (67245)
[85, 109]	 (65362)
[85, 127]	 (65358)
[85, 88, 109]	 (65362)
[85, 88, 127]	 (65358)
[85, 88, 91, 109]	 (65362)
[85, 88, 91, 127]	 (65358)
[85, 88, 91]	 (65450)
[85, 88]	 (65450)
[85, 91, 109]	 (65362)
[85, 91, 127]	 (65358)
[85, 91]	 (65450)
[85]	 (65450)
[88, 106, 109, 127]	 (66098)
[88, 106, 109]	 (66190)
[88, 106, 127]	 (66098)
[88, 106]	 (66190)
[88, 109, 127]	 (66748)
[88, 109]	 (66840)
[88, 127]	 (66836)
[88, 91, 106, 109, 127]	 (66098)
[88, 91, 106, 109]	 (66190)
[88, 91, 106, 127]	 (66098)
[88, 91, 106]	 (66190)
[88, 91, 109, 127]	 (66748)
[88, 91, 109]	 (66840)
[88, 91, 127]	 (66836)
[88, 91]	 (66928)
[88]	 (66928)
[91, 106, 109, 127]	 (66643)
[91, 106, 109]	 (66735)
[91, 106, 127]	 (66643)
[91, 106]	 (66735)
[91, 109, 127]	 (67293)
[91, 109]	 (67385)
[91, 127]	 (67381)
[91]	 (67473)
