[1] (0.0664966653589643 339)
[2] (0.05335425657120439 272)
[3] (0.03668105139270302 187)
[4] (0.05825814044723421 297)
[5] (0.03746567281286779 191)
[6] (0.03315025500196155 169)
[8] (0.15202040015692428 775)
[10] (0.03334641035700275 170)
[12] (0.12965868968222832 661)
[15] (0.022754021184778345 116)
[16] (0.02020400156924284 103)
[17] (0.05296194586112201 270)
[18] (0.028050215770890546 143)
[21] (0.1014123185562966 517)
[22] (0.04040800313848568 206)
[24] (0.04746959591996862 242)
[25] (0.08885837583366026 453)
[26] (0.05296194586112201 270)
[27] (0.07551981169085915 385)
[28] (0.0612004707728521 312)
[31] (0.08709297763828952 444)
[32] (0.10847391133777952 553)
[33] (0.04080031384856807 208)
[35] (0.06492742251863476 331)
[36] (0.024911730090231465 127)
[38] (0.07277363672028246 371)
[39] (0.07669674382110632 391)
[41] (0.03550411926245586 181)
[43] (0.08611220086308356 439)
[44] (0.030992546096508436 158)
[45] (0.06845821890937623 349)
[46] (0.09003530796390742 459)
[48] (0.07140054923499412 364)
[49] (0.02334248724990192 119)
[51] (0.08277755982738329 422)
[52] (0.0292271479011377 149)
[53] (0.06080816006276971 310)
[54] (0.08709297763828952 444)
[55] (0.12965868968222832 661)
[57] (0.04864652805021577 248)
[58] (0.054727344056492745 279)
[59] (0.021184778344448804 108)
[64] (0.02255786582973715 115)
[68] (0.053942722636327975 275)
[69] (0.0878775990584543 448)
[70] (0.117104746959592 597)
[71] (0.1327971753628874 677)
[72] (0.12122400941545704 618)
[73] (0.11063162024323264 564)
[74] (0.03216947822675559 164)
[75] (0.04040800313848568 206)
[77] (0.03158101216163201 161)
[78] (0.07806983130639467 398)
[82] (0.06806590819929384 347)
[85] (0.06355433503334641 324)
[86] (0.0239309533150255 122)
[88] (0.04158493526873284 212)
[89] (0.042173401333856414 215)
[90] (0.024323264025107885 124)
[93] (0.09964692036092586 508)
[95] (0.0319733228717144 163)
[96] (0.03883876029815614 198)
[97] (0.06963515103962338 355)
[98] (0.036288740682620634 185)
[100] (0.06433895645351118 328)
[102] (0.044527265594350725 227)
[104] (0.05923891722244017 302)
[105] (0.035307963907414676 180)
[108] (0.038642604943114944 197)
[110] (0.12691251471165163 647)
[111] (0.06571204393879954 335)
[112] (0.10200078462142016 520)
[114] (0.057865829737151826 295)
[115] (0.09807767752059632 500)
[116] (0.06551588858375834 334)
[117] (0.0398195370733621 203)
[118] (0.07591212240094154 387)
[120] (0.1351510396233817 689)
[121] (0.021184778344448804 108)
[122] (0.09160455080423696 467)
[125] (0.051981169085916046 265)
[126] (0.024323264025107885 124)
[127] (0.05531581012161632 282)
[128] (0.02000784621420165 102)
[129] (0.07002746174970577 357)
[130] (0.08101216163201255 413)
[132] (0.08571989015300117 437)
[136] (0.025107885445272655 128)
[137] (0.02706943899568458 138)
[138] (0.042173401333856414 215)
[140] (0.13181639858768143 672)
[141] (0.04903883876029816 250)
[142] (0.05158885837583366 263)
[143] (0.045704197724597884 233)
[145] (0.1626127893291487 829)
[146] (0.03315025500196155 169)
[147] (0.028834837191055316 147)
[151] (0.117104746959592 597)
[154] (0.045311887014515495 231)
[155] (0.0664966653589643 339)
[157] (0.04236955668889761 216)
[158] (0.04433111023930953 226)
[159] (0.05923891722244017 302)
[160] (0.024323264025107885 124)
[161] (0.12652020400156924 645)
[162] (0.04335033346410357 221)
[163] (0.03354256571204394 171)
[165] (0.03766182816790899 192)
[168] (0.06296586896822283 321)
[170] (0.02157708905453119 110)
[171] (0.06355433503334641 324)
[172] (0.04433111023930953 226)
[173] (0.03315025500196155 169)
[175] (0.0745390349156532 380)
[176] (0.04393879952922715 224)
[177] (0.13691643781875246 698)
[180] (0.05237347979599843 267)
[181] (0.041388779913691644 211)
[182] (0.02334248724990192 119)
[183] (0.1014123185562966 517)
[185] (0.04864652805021577 248)
[186] (0.023538642604943115 120)
[187] (0.04943114947038054 252)
[192] (0.07473519027069439 381)
[193] (0.04060415849352687 207)
[194] (0.040211847783444485 205)
[196] (0.09846998823067869 502)
[197] (0.0800313848568066 408)
[198] (0.09631227932522558 491)
[201] (0.04276186739897999 218)
[203] (0.02765790506080816 141)
[204] (0.12357787367595136 630)
[205] (0.16810513927030207 857)
[207] (0.07767752059631228 396)
[208] (0.045704197724597884 233)
[209] (0.02314633189486073 118)
[210] (0.04276186739897999 218)
[212] (0.036877206747744216 188)
[214] (0.028834837191055316 147)
[215] (0.04276186739897999 218)
[216] (0.029423303256178895 150)
[217] (0.191447626520204 976)
[220] (0.0745390349156532 380)
[222] (0.02451941938014908 125)
[223] (0.02550019615535504 130)
[224] (0.03275794429187917 167)
[226] (0.036288740682620634 185)
[227] (0.07120439387995292 363)
[229] (0.09081992938407218 463)
[230] (0.026677128285602196 136)
[234] (0.07316594743036485 373)
[236] (0.1116123970184386 569)
[239] (0.10023538642604943 511)
[240] (0.028834837191055316 147)
[242] (0.07551981169085915 385)
[243] (0.032561788936837976 166)
[249] (0.03295409964692036 168)
[254] (0.04668497449980384 238)
[256] (0.037857983522950174 193)
[258] (0.0639466457434288 326)
[259] (0.06767359748921145 345)
[263] (0.0292271479011377 149)
[265] (0.05413887799136916 276)
[266] (0.0982738328756375 501)
[268] (0.03275794429187917 167)
[270] (0.02314633189486073 118)
[272] (0.03354256571204394 171)
[273] (0.028246371125931737 144)
[274] (0.057081208316987056 291)
[275] (0.07316594743036485 373)
[276] (0.10062769713613182 513)
[278] (0.02236171047469596 114)
[279] (0.1092585327579443 557)
[280] (0.08650451157316595 441)
[283] (0.15202040015692428 775)
[285] (0.04590035307963907 234)
[287] (0.02000784621420165 102)
[290] (0.05649274225186347 288)
[294] (0.11730090231463319 598)
[295] (0.02098862298940761 107)
[296] (0.06316202432326402 322)
[298] (0.05453118870145155 278)
[299] (0.04315417810906238 220)
[300] (0.052765790506080816 269)
[304] (0.042173401333856414 215)
[307] (0.03550411926245586 181)
[308] (0.05335425657120439 272)
[309] (0.02373479795998431 121)
[310] (0.056296586896822286 287)
[311] (0.026677128285602196 136)
[314] (0.03844644958807376 196)
[315] (0.02098862298940761 107)
[316] (0.10278540604158494 524)
[318] (0.03393487642212632 173)
[319] (0.07591212240094154 387)
[320] (0.03550411926245586 181)
[321] (0.04335033346410357 221)
[322] (0.07218517065515889 368)
[326] (0.10062769713613182 513)
[327] (0.024323264025107885 124)
[328] (0.04040800313848568 206)
[329] (0.024127108670066694 123)
[332] (0.03883876029815614 198)
[333] (0.02255786582973715 115)
[334] (0.07748136524127108 395)
[335] (0.04354648881914476 222)
[336] (0.03766182816790899 192)
[338] (0.04060415849352687 207)
[339] (0.0825814044723421 421)
[343] (0.07159670459003531 365)
[345] (0.05943507257748137 303)
[346] (0.09748921145547274 497)
[347] (0.06610435464888191 337)
[348] (0.0639466457434288 326)
[349] (0.07375441349548843 376)
[350] (0.08866222047861906 452)
[351] (0.074342879560612 379)
[352] (0.04550804236955669 232)
[354] (0.13358179678305218 681)
[355] (0.03923107100823853 200)
[357] (0.03962338171832091 202)
[358] (0.0292271479011377 149)
[361] (0.03315025500196155 169)
[362] (0.1463318948607297 746)
[364] (0.0425657120439388 217)
[366] (0.05825814044723421 297)
[368] (0.27736367202824636 1414)
[369] (0.02157708905453119 110)
[371] (0.0345233424872499 176)
[373] (0.10651235778736759 543)
[374] (0.03373872106708513 172)
[375] (0.03962338171832091 202)
[376] (0.03295409964692036 168)
[377] (0.0904276186739898 461)
[378] (0.031188701451549627 159)
[379] (0.023538642604943115 120)
[381] (0.11788936837975676 601)
[383] (0.02255786582973715 115)
[385] (0.05982738328756375 305)
[387] (0.06257355825814044 319)
[390] (0.07473519027069439 381)
[392] (0.04629266378972146 236)
[394] (0.02236171047469596 114)
[395] (0.05021577089054531 256)
[397] (0.02255786582973715 115)
[400] (0.02255786582973715 115)
[401] (0.12377402903099255 631)
[402] (0.028246371125931737 144)
[403] (0.0584542958022754 298)
[405] (0.07061592781482935 360)
[407] (0.031777167516673206 162)
[408] (0.06885052961945862 351)
[411] (0.06257355825814044 319)
[412] (0.06551588858375834 334)
[413] (0.12083169870537466 616)
[414] (0.062377402903099254 318)
[415] (0.02608866222047862 133)
[417] (0.0425657120439388 217)
[418] (0.02550019615535504 130)
[419] (0.20164770498234602 1028)
[421] (0.05237347979599843 267)
[422] (0.04472342094939192 228)
[423] (0.03315025500196155 169)
[424] (0.06610435464888191 337)
[427] (0.10592389172224402 540)
[428] (0.02373479795998431 121)
[430] (0.044527265594350725 227)
[432] (0.03589642997253825 183)
[437] (0.02177324440957238 111)
[438] (0.18418987838367987 939)
[440] (0.06708513142408788 342)
[443] (0.05453118870145155 278)
[447] (0.027461749705766966 140)
[448] (0.02157708905453119 110)
[449] (0.053158101216163205 271)
[450] (0.1278932914868576 652)
[453] (0.024911730090231465 127)
[456] (0.032561788936837976 166)
[458] (0.028050215770890546 143)
[459] (0.02373479795998431 121)
[460] (0.11592781482934485 591)
[461] (0.04590035307963907 234)
[464] (0.03079639074146724 157)
[467] (0.07159670459003531 365)
[468] (0.05158885837583366 263)
[469] (0.03216947822675559 164)
[470] (0.11788936837975676 601)
[471] (0.03001176932130247 153)
[472] (0.0878775990584543 448)
[474] (0.045311887014515495 231)
[477] (0.10749313456257356 548)
[478] (0.02765790506080816 141)
[480] (0.1355433503334641 691)
[482] (0.024127108670066694 123)
[484] (0.07924676343664182 404)
[486] (0.03570027461749706 182)
[487] (0.11573165947430365 590)
[489] (0.19909768536681052 1015)
[490] (0.0451157316594743 230)
[492] (0.044527265594350725 227)
[494] (0.09435072577481365 481)
[496] (0.04982346018046293 254)
[504] (0.03216947822675559 164)
[505] (0.05100039231071008 260)
[507] (0.046096508434680265 235)
[509] (0.09611612397018439 490)
[510] (0.207728520988623 1059)
[511] (0.036288740682620634 185)
[512] (0.027265594350725775 139)
[513] (0.04707728520988623 240)
[516] (0.048058061985092194 245)
[517] (0.02530404080031385 129)
[521] (0.027461749705766966 140)
[522] (0.08689682228324833 443)
[523] (0.0663005100039231 338)
[525] (0.03138485680659082 160)
[526] (0.06492742251863476 331)
[527] (0.05492349941153393 280)
[528] (0.036288740682620634 185)
[529] (0.2367595135347195 1207)
[530] (0.03354256571204394 171)
[534] (0.041388779913691644 211)
[536] (0.03648489603766183 186)
[537] (0.05237347979599843 267)
[538] (0.11808552373479796 602)
[540] (0.07277363672028246 371)
[541] (0.13181639858768143 672)
[544] (0.03589642997253825 183)
[548] (0.07120439387995292 363)
[550] (0.06316202432326402 322)
[553] (0.03393487642212632 173)
[554] (0.07630443311102393 389)
[556] (0.020400156924284034 104)
[557] (0.02177324440957238 111)
[558] (0.036877206747744216 188)
[560] (0.02000784621420165 102)
[561] (0.08905453118870145 454)
[562] (0.031777167516673206 162)
[563] (0.03354256571204394 171)
[565] (0.022165555119654765 113)
[567] (0.05688505296194586 290)
[568] (0.04746959591996862 242)
[569] (0.053942722636327975 275)
[571] (0.08277755982738329 422)
[572] (0.06767359748921145 345)
[573] (0.08277755982738329 422)
[574] (0.0637504903883876 325)
[575] (0.04335033346410357 221)
[576] (0.07336210278540604 374)
[577] (0.05825814044723421 297)
[578] (0.053942722636327975 275)
[579] (0.09336994899960768 476)
[580] (0.024911730090231465 127)
[581] (0.08101216163201255 413)
[583] (0.05904276186739898 301)
[585] (0.062377402903099254 318)
[588] (0.03471949784229109 177)
[592] (0.0239309533150255 122)
[593] (0.10533542565712044 537)
[594] (0.04746959591996862 242)
[595] (0.029619458611220086 151)
[597] (0.11887014515496273 606)
[598] (0.08532757944291879 435)
[600] (0.023538642604943115 120)
[601] (0.03001176932130247 153)
[602] (0.04629266378972146 236)
[605] (0.04590035307963907 234)
[606] (0.08336602589250687 425)
[608] (0.03413103177716752 174)
[610] (0.02079246763436642 106)
[611] (0.06002353864260494 306)
[612] (0.04590035307963907 234)
[614] (0.09905845429580228 505)
[617] (0.0372695174578266 190)
[618] (0.07650058846606513 390)
[620] (0.047861906630051 244)
[622] (0.03471949784229109 177)
[623] (0.06198509219301687 316)
[624] (0.04413495488426834 225)
[625] (0.022754021184778345 116)
[628] (0.0719890153001177 367)
[629] (0.0745390349156532 380)
[630] (0.025892506865437426 132)
[631] (0.0902314633189486 460)
[633] (0.023538642604943115 120)
[634] (0.10513927030207924 536)
[638] (0.05139270302079247 262)
[639] (0.06845821890937623 349)
[640] (0.045311887014515495 231)
[641] (0.05747351902706944 293)
[642] (0.02863868183601412 146)
[647] (0.03746567281286779 191)
[648] (0.021969399764613574 112)
[649] (0.04472342094939192 228)
[651] (0.03079639074146724 157)
[653] (0.06139662612789329 313)
[655] (0.04550804236955669 232)
[657] (0.045704197724597884 233)
[658] (0.07277363672028246 371)
[659] (0.03883876029815614 198)
[661] (0.08591604550804237 438)
[662] (0.03060023538642605 156)
[663] (0.09964692036092586 508)
[665] (0.046488819144762654 237)
[666] (0.02530404080031385 129)
[671] (0.02314633189486073 118)
[673] (0.03550411926245586 181)
[674] (0.10160847391133777 518)
[675] (0.11926245586504512 608)
[676] (0.1278932914868576 652)
[678] (0.041388779913691644 211)
[680] (0.0345233424872499 176)
[681] (0.026480972930561005 135)
[682] (0.1808552373479796 922)
[684] (0.09415457041977246 480)
[685] (0.02177324440957238 111)
[686] (0.06531973322871715 333)
[687] (0.08297371518242448 423)
[688] (0.036092585327579446 184)
[689] (0.046096508434680265 235)
[690] (0.05453118870145155 278)
[691] (0.02981561396626128 152)
[692] (0.16614358571989016 847)
[694] (0.13456257355825815 686)
[697] (0.03236563358179678 165)
[699] (0.021184778344448804 108)
[701] (0.06276971361318164 320)
[705] (0.0372695174578266 190)
[706] (0.10651235778736759 543)
[707] (0.06002353864260494 306)
[710] (0.0584542958022754 298)
[711] (0.04903883876029816 250)
[712] (0.05747351902706944 293)
[715] (0.030992546096508436 158)
[716] (0.025696351510396235 131)
[718] (0.027265594350725775 139)
[719] (0.043742644174185955 223)
[720] (0.15908199293840722 811)
[722] (0.15888583758336602 810)
[723] (0.02373479795998431 121)
[725] (0.02373479795998431 121)
[730] (0.03001176932130247 153)
[731] (0.02236171047469596 114)
[732] (0.04433111023930953 226)
[733] (0.03648489603766183 186)
[735] (0.06845821890937623 349)
[736] (0.09356610435464888 477)
[738] (0.07081208316987053 361)
[740] (0.036288740682620634 185)
[741] (0.02373479795998431 121)
[742] (0.051196547665751276 261)
[744] (0.04315417810906238 220)
[745] (0.04943114947038054 252)
[746] (0.07493134562573558 382)
[749] (0.026677128285602196 136)
[750] (0.02706943899568458 138)
[752] (0.1355433503334641 691)
[753] (0.031188701451549627 159)
[758] (0.07826598666143586 399)
[759] (0.02471557473519027 126)
[760] (0.02177324440957238 111)
[763] (0.06453511180855237 329)
[764] (0.025107885445272655 128)
[765] (0.027461749705766966 140)
[766] (0.17889368379756768 912)
[767] (0.02314633189486073 118)
[769] (0.0637504903883876 325)
[771] (0.0425657120439388 217)
[775] (0.1353471949784229 690)
[777] (0.029619458611220086 151)
[778] (0.07787367595135347 397)
[779] (0.024323264025107885 124)
[780] (0.05158885837583366 263)
[782] (0.07277363672028246 371)
[783] (0.02451941938014908 125)
[784] (0.07100823852491173 362)
[785] (0.08454295802275402 431)
[788] (0.05668889760690467 289)
[789] (0.05923891722244017 302)
[790] (0.04550804236955669 232)
[792] (0.06433895645351118 328)
[793] (0.06786975284425265 346)
[794] (0.03648489603766183 186)
[795] (0.11063162024323264 564)
[797] (0.10768928991761476 549)
[798] (0.06316202432326402 322)
[800] (0.09376225970969007 478)
[801] (0.032561788936837976 166)
[802] (0.02157708905453119 110)
[803] (0.05747351902706944 293)
[804] (0.08552373479795998 436)
[805] (0.05766967438211063 294)
[807] (0.037073362102785404 189)
[809] (0.10219693997646136 521)
[811] (0.022754021184778345 116)
[812] (0.05374656728128678 274)
[813] (0.024911730090231465 127)
[814] (0.07610827775598274 388)
[815] (0.02000784621420165 102)
[817] (0.04629266378972146 236)
[819] (0.07041977245978816 359)
[820] (0.08160062769713614 416)
[821] (0.02314633189486073 118)
[823] (0.020596312279325225 105)
[824] (0.03511180855237348 179)
[825] (0.05688505296194586 290)
[826] (0.08199293840721851 418)
[828] (0.046488819144762654 237)
[829] (0.22754021184778345 1160)
[830] (0.03373872106708513 172)
[831] (0.03511180855237348 179)
[832] (0.026677128285602196 136)
[833] (0.05766967438211063 294)
[834] (0.031777167516673206 162)
[835] (0.038642604943114944 197)
[837] (0.02098862298940761 107)
[839] (0.024911730090231465 127)
[841] (0.07120439387995292 363)
[843] (0.04491957630443311 229)
[844] (0.07885445272655943 402)
[846] (0.03746567281286779 191)
[852] (0.026677128285602196 136)
[853] (0.03315025500196155 169)
[854] (0.10258925068654375 523)
[855] (0.04197724597881522 214)
[857] (0.037857983522950174 193)
[858] (0.02687328364064339 137)
[859] (0.024323264025107885 124)
[860] (0.042173401333856414 215)
[862] (0.12377402903099255 631)
[867] (0.06610435464888191 337)
[868] (0.02687328364064339 137)
[869] (0.0292271479011377 149)
[871] (0.058061985092193014 296)
[874] (0.05217732444095724 266)
[876] (0.047861906630051 244)
[878] (0.06728128677912908 343)
[879] (0.02844252648097293 145)
[881] (0.02785406041584935 142)
[883] (0.1618281679089839 825)
[884] (0.045704197724597884 233)
[885] (0.0959199686151432 489)
[886] (0.10768928991761476 549)
[887] (0.05943507257748137 303)
[888] (0.08493526873283641 433)
[890] (0.12142016477049823 619)
[893] (0.08905453118870145 454)
[894] (0.02177324440957238 111)
[895] (0.14456649666535895 737)
[896] (0.030992546096508436 158)
[897] (0.15064731267163595 768)
[898] (0.020596312279325225 105)
[899] (0.05335425657120439 272)
[900] (0.07218517065515889 368)
[901] (0.022950176539819536 117)
[902] (0.03216947822675559 164)
[904] (0.04060415849352687 207)
[905] (0.028050215770890546 143)
[906] (0.021380933699489995 109)
[910] (0.06080816006276971 310)
[911] (0.047665751275009806 243)
[912] (0.03432718713220871 175)
[913] (0.10180462926637897 519)
[914] (0.1675166732051785 854)
[915] (0.03413103177716752 174)
[916] (0.02373479795998431 121)
[918] (0.10651235778736759 543)
[919] (0.1092585327579443 557)
[921] (0.07159670459003531 365)
[922] (0.03511180855237348 179)
[923] (0.0292271479011377 149)
[925] (0.03334641035700275 170)
[926] (0.02157708905453119 110)
[928] (0.055511965476657515 283)
[930] (0.021380933699489995 109)
[932] (0.036877206747744216 188)
[933] (0.03550411926245586 181)
[934] (0.03236563358179678 165)
[935] (0.025696351510396235 131)
[937] (0.16025892506865438 817)
[938] (0.07277363672028246 371)
[939] (0.027265594350725775 139)
[940] (0.03844644958807376 196)
[941] (0.05139270302079247 262)
[942] (0.02000784621420165 102)
[943] (0.03471949784229109 177)
[944] (0.08375833660258925 427)
[946] (0.07002746174970577 357)
[947] (0.08846606512357788 451)
[948] (0.049627304825421735 253)
[949] (0.07885445272655943 402)
[952] (0.08709297763828952 444)
[956] (0.17183209101608474 876)
[960] (0.035307963907414676 180)
[961] (0.02177324440957238 111)
[962] (0.030992546096508436 158)
[963] (0.02844252648097293 145)
[964] (0.04550804236955669 232)
[966] (0.13181639858768143 672)
[967] (0.08316987053746568 424)
[968] (0.06531973322871715 333)
[970] (0.040996469203609255 209)
[972] (0.04629266378972146 236)
[975] (0.05923891722244017 302)
[978] (0.030207924676343666 154)
[980] (0.03060023538642605 156)
[981] (0.06276971361318164 320)
[982] (0.11887014515496273 606)
[983] (0.06080816006276971 310)
[984] (0.07944291879168301 405)
[988] (0.032561788936837976 166)
[989] (0.0904276186739898 461)
[991] (0.06041584935268733 308)
[992] (0.08140447234209494 415)
[998] (0.06865437426441742 350)
[829, 910] (0.02020400156924284 103)
[489, 966] (0.03158101216163201 161)
[55, 952] (0.02079246763436642 106)
[487, 829] (0.030992546096508436 158)
[829, 919] (0.02530404080031385 129)
[72, 419] (0.02373479795998431 121)
[55, 956] (0.02079246763436642 106)
[829, 913] (0.02981561396626128 152)
[276, 914] (0.021380933699489995 109)
[829, 914] (0.036877206747744216 188)
[205, 576] (0.02177324440957238 111)
[829, 918] (0.023538642604943115 120)
[73, 829] (0.024127108670066694 123)
[529, 538] (0.031777167516673206 162)
[510, 937] (0.04393879952922715 224)
[914, 966] (0.03550411926245586 181)
[541, 752] (0.02177324440957238 111)
[72, 427] (0.025696351510396235 131)
[266, 529] (0.03158101216163201 161)
[829, 900] (0.022950176539819536 117)
[489, 947] (0.02079246763436642 106)
[489, 946] (0.021969399764613574 112)
[242, 694] (0.021184778344448804 108)
[472, 966] (0.021380933699489995 109)
[227, 937] (0.02314633189486073 118)
[829, 937] (0.036288740682620634 185)
[829, 938] (0.021969399764613574 112)
[510, 914] (0.03550411926245586 181)
[510, 919] (0.020400156924284034 104)
[914, 983] (0.02098862298940761 107)
[914, 982] (0.02020400156924284 103)
[489, 952] (0.02373479795998431 121)
[489, 956] (0.04943114947038054 252)
[72, 401] (0.02020400156924284 103)
[217, 319] (0.02628481757551981 134)
[217, 316] (0.02000784621420165 102)
[487, 862] (0.02000784621420165 102)
[829, 956] (0.040211847783444485 205)
[266, 571] (0.0239309533150255 122)
[914, 921] (0.02255786582973715 115)
[529, 571] (0.02530404080031385 129)
[829, 947] (0.021969399764613574 112)
[217, 339] (0.027265594350725775 139)
[316, 682] (0.020596312279325225 105)
[914, 956] (0.03334641035700275 170)
[529, 541] (0.03432718713220871 175)
[883, 897] (0.021380933699489995 109)
[343, 529] (0.020400156924284034 104)
[205, 598] (0.02785406041584935 142)
[205, 593] (0.0319733228717144 163)
[217, 346] (0.02550019615535504 130)
[883, 895] (0.0239309533150255 122)
[220, 480] (0.02098862298940761 107)
[122, 937] (0.022165555119654765 113)
[883, 893] (0.02314633189486073 118)
[489, 984] (0.02020400156924284 103)
[220, 484] (0.02157708905453119 110)
[883, 890] (0.02020400156924284 103)
[489, 982] (0.03413103177716752 174)
[489, 998] (0.022165555119654765 113)
[217, 354] (0.026480972930561005 135)
[829, 966] (0.028834837191055316 147)
[207, 829] (0.024127108670066694 123)
[914, 937] (0.02844252648097293 145)
[414, 529] (0.024323264025107885 124)
[217, 368] (0.06335817967830522 323)
[217, 362] (0.02451941938014908 125)
[51, 510] (0.02314633189486073 118)
[204, 489] (0.021969399764613574 112)
[829, 992] (0.022165555119654765 113)
[151, 489] (0.02314633189486073 118)
[354, 692] (0.022950176539819536 117)
[354, 694] (0.035307963907414676 180)
[145, 883] (0.02706943899568458 138)
[217, 373] (0.02000784621420165 102)
[25, 368] (0.030207924676343666 154)
[829, 982] (0.03138485680659082 160)
[694, 914] (0.02530404080031385 129)
[354, 682] (0.02765790506080816 141)
[362, 722] (0.030404080031384857 155)
[362, 720] (0.024323264025107885 124)
[427, 682] (0.03373872106708513 172)
[354, 686] (0.0239309533150255 122)
[349, 829] (0.021184778344448804 108)
[217, 387] (0.02314633189486073 118)
[217, 381] (0.02530404080031385 129)
[43, 368] (0.030207924676343666 154)
[43, 362] (0.021969399764613574 112)
[283, 722] (0.022754021184778345 116)
[283, 720] (0.024323264025107885 124)
[354, 661] (0.020400156924284034 104)
[55, 914] (0.02373479795998431 121)
[489, 919] (0.02157708905453119 110)
[322, 720] (0.02000784621420165 102)
[368, 606] (0.02550019615535504 130)
[205, 529] (0.03766182816790899 192)
[675, 676] (0.020596312279325225 105)
[579, 829] (0.0239309533150255 122)
[368, 614] (0.028050215770890546 143)
[470, 510] (0.024323264025107885 124)
[93, 829] (0.02451941938014908 125)
[205, 544] (0.02098862298940761 107)
[362, 752] (0.02451941938014908 125)
[132, 829] (0.03158101216163201 161)
[489, 937] (0.026480972930561005 135)
[351, 529] (0.021380933699489995 109)
[266, 510] (0.022950176539819536 117)
[368, 628] (0.020400156924284034 104)
[145, 895] (0.02177324440957238 111)
[368, 629] (0.021969399764613574 112)
[366, 419] (0.02177324440957238 111)
[204, 419] (0.03413103177716752 174)
[205, 510] (0.03903491565319733 199)
[362, 766] (0.021380933699489995 109)
[151, 419] (0.02844252648097293 145)
[541, 766] (0.02451941938014908 125)
[145, 886] (0.022165555119654765 113)
[205, 509] (0.037857983522950174 193)
[85, 682] (0.02314633189486073 118)
[368, 620] (0.02236171047469596 114)
[183, 829] (0.025892506865437426 132)
[368, 634] (0.02530404080031385 129)
[368, 639] (0.024911730090231465 127)
[362, 775] (0.020596312279325225 105)
[276, 947] (0.02079246763436642 106)
[541, 775] (0.021184778344448804 108)
[675, 682] (0.036288740682620634 185)
[93, 854] (0.02373479795998431 121)
[145, 897] (0.023538642604943115 120)
[579, 809] (0.02000784621420165 102)
[470, 529] (0.036877206747744216 188)
[368, 631] (0.026480972930561005 135)
[489, 913] (0.0239309533150255 122)
[489, 914] (0.03216947822675559 164)
[368, 653] (0.02177324440957238 111)
[32, 72] (0.022165555119654765 113)
[8, 682] (0.02687328364064339 137)
[722, 752] (0.02628481757551981 134)
[538, 572] (0.021184778344448804 108)
[339, 509] (0.02314633189486073 118)
[21, 692] (0.029619458611220086 151)
[196, 829] (0.0239309533150255 122)
[427, 631] (0.02000784621420165 102)
[110, 347] (0.024323264025107885 124)
[692, 766] (0.02373479795998431 121)
[120, 966] (0.02020400156924284 103)
[368, 658] (0.024127108670066694 123)
[8, 692] (0.03373872106708513 172)
[368, 641] (0.022950176539819536 117)
[8, 694] (0.02079246763436642 106)
[692, 752] (0.024127108670066694 123)
[21, 682] (0.026677128285602196 136)
[401, 529] (0.031188701451549627 159)
[71, 283] (0.029423303256178895 150)
[368, 676] (0.03001176932130247 153)
[368, 674] (0.02471557473519027 126)
[120, 937] (0.02334248724990192 119)
[368, 675] (0.03923107100823853 200)
[54, 151] (0.02177324440957238 111)
[401, 510] (0.026677128285602196 136)
[110, 326] (0.02314633189486073 118)
[115, 419] (0.0239309533150255 122)
[8, 663] (0.02020400156924284 103)
[283, 682] (0.028050215770890546 143)
[368, 663] (0.03354256571204394 171)
[368, 665] (0.02236171047469596 114)
[368, 661] (0.028246371125931737 144)
[438, 606] (0.024127108670066694 123)
[283, 692] (0.03236563358179678 165)
[509, 692] (0.02550019615535504 130)
[346, 606] (0.02236171047469596 114)
[351, 438] (0.02451941938014908 125)
[8, 676] (0.024323264025107885 124)
[283, 694] (0.02334248724990192 119)
[43, 438] (0.020400156924284034 104)
[694, 829] (0.02550019615535504 130)
[368, 692] (0.05963122793252256 304)
[368, 690] (0.029423303256178895 150)
[177, 682] (0.02687328364064339 137)
[368, 694] (0.03471949784229109 177)
[120, 914] (0.027461749705766966 140)
[373, 720] (0.02255786582973715 115)
[368, 682] (0.06355433503334641 324)
[614, 692] (0.020400156924284034 104)
[368, 684] (0.022754021184778345 116)
[368, 687] (0.02177324440957238 111)
[676, 956] (0.02471557473519027 126)
[283, 676] (0.031188701451549627 159)
[145, 829] (0.03079639074146724 157)
[663, 682] (0.02079246763436642 106)
[204, 368] (0.03491565319733229 178)
[12, 686] (0.02255786582973715 115)
[229, 529] (0.02471557473519027 126)
[204, 362] (0.0239309533150255 122)
[12, 682] (0.022165555119654765 113)
[236, 752] (0.021184778344448804 108)
[112, 489] (0.02177324440957238 111)
[110, 368] (0.037073362102785404 189)
[183, 766] (0.024323264025107885 124)
[140, 766] (0.02608866222047862 133)
[663, 692] (0.02157708905453119 110)
[279, 529] (0.02530404080031385 129)
[229, 510] (0.02020400156924284 103)
[412, 480] (0.025107885445272655 128)
[692, 775] (0.02628481757551981 134)
[661, 829] (0.028050215770890546 143)
[401, 541] (0.020400156924284034 104)
[279, 510] (0.021184778344448804 108)
[183, 775] (0.02098862298940761 107)
[275, 489] (0.02471557473519027 126)
[579, 766] (0.02471557473519027 126)
[140, 706] (0.02255786582973715 115)
[438, 675] (0.02157708905453119 110)
[55, 890] (0.020596312279325225 105)
[70, 775] (0.020400156924284034 104)
[484, 674] (0.02255786582973715 115)
[785, 918] (0.02000784621420165 102)
[676, 914] (0.02098862298940761 107)
[177, 634] (0.021969399764613574 112)
[634, 829] (0.02785406041584935 142)
[70, 766] (0.02177324440957238 111)
[484, 682] (0.02255786582973715 115)
[529, 593] (0.021969399764613574 112)
[140, 720] (0.021184778344448804 108)
[438, 694] (0.02628481757551981 134)
[438, 692] (0.03295409964692036 168)
[72, 489] (0.026480972930561005 135)
[611, 752] (0.02471557473519027 126)
[494, 661] (0.02079246763436642 106)
[529, 597] (0.030207924676343666 154)
[529, 598] (0.02451941938014908 125)
[438, 682] (0.026677128285602196 136)
[510, 982] (0.021380933699489995 109)
[175, 752] (0.022754021184778345 116)
[72, 484] (0.02628481757551981 134)
[509, 618] (0.028246371125931737 144)
[280, 766] (0.02334248724990192 119)
[692, 722] (0.02530404080031385 129)
[31, 368] (0.02608866222047862 133)
[692, 720] (0.022754021184778345 116)
[722, 795] (0.02687328364064339 137)
[966, 989] (0.026480972930561005 135)
[438, 634] (0.022165555119654765 113)
[883, 919] (0.024127108670066694 123)
[883, 914] (0.02608866222047862 133)
[32, 829] (0.0239309533150255 122)
[883, 913] (0.021184778344448804 108)
[229, 573] (0.025696351510396235 131)
[510, 966] (0.022754021184778345 116)
[510, 964] (0.02471557473519027 126)
[71, 239] (0.021380933699489995 109)
[70, 722] (0.021184778344448804 108)
[118, 438] (0.02098862298940761 107)
[510, 956] (0.03511180855237348 179)
[510, 952] (0.026480972930561005 135)
[722, 778] (0.021380933699489995 109)
[883, 956] (0.02706943899568458 138)
[722, 775] (0.02334248724990192 119)
[196, 883] (0.020596312279325225 105)
[883, 937] (0.021969399764613574 112)
[694, 897] (0.03060023538642605 156)
[72, 438] (0.02236171047469596 114)
[71, 217] (0.020400156924284034 104)
[510, 944] (0.02550019615535504 130)
[722, 766] (0.025892506865437426 132)
[72, 529] (0.0425657120439388 217)
[523, 937] (0.02177324440957238 111)
[205, 419] (0.03216947822675559 164)
[472, 829] (0.02706943899568458 138)
[161, 217] (0.025107885445272655 128)
[413, 419] (0.022754021184778345 116)
[354, 722] (0.02236171047469596 114)
[529, 634] (0.024127108670066694 123)
[489, 809] (0.03079639074146724 157)
[544, 966] (0.024127108670066694 123)
[217, 438] (0.03236563358179678 165)
[489, 829] (0.039427226363279715 201)
[529, 639] (0.021380933699489995 109)
[316, 529] (0.031777167516673206 162)
[266, 419] (0.024323264025107885 124)
[177, 710] (0.02334248724990192 119)
[294, 897] (0.02177324440957238 111)
[205, 438] (0.024127108670066694 123)
[413, 438] (0.02020400156924284 103)
[529, 653] (0.02451941938014908 125)
[279, 489] (0.02765790506080816 141)
[72, 541] (0.021184778344448804 108)
[55, 829] (0.02765790506080816 141)
[354, 752] (0.02000784621420165 102)
[217, 413] (0.02020400156924284 103)
[294, 883] (0.02314633189486073 118)
[217, 419] (0.0398195370733621 203)
[529, 661] (0.020400156924284034 104)
[529, 663] (0.029619458611220086 151)
[198, 895] (0.020596312279325225 105)
[205, 450] (0.02844252648097293 145)
[217, 427] (0.02079246763436642 106)
[112, 510] (0.02608866222047862 133)
[229, 368] (0.025696351510396235 131)
[529, 676] (0.03216947822675559 164)
[55, 883] (0.020400156924284034 104)
[529, 675] (0.02314633189486073 118)
[529, 674] (0.021969399764613574 112)
[217, 477] (0.02177324440957238 111)
[205, 460] (0.02000784621420165 102)
[217, 487] (0.025892506865437426 132)
[322, 684] (0.02373479795998431 121)
[217, 480] (0.0292271479011377 149)
[529, 682] (0.046488819144762654 237)
[529, 686] (0.021969399764613574 112)
[529, 684] (0.020596312279325225 105)
[489, 862] (0.02236171047469596 114)
[205, 477] (0.024911730090231465 127)
[217, 489] (0.03805413887799137 194)
[217, 450] (0.020400156924284034 104)
[205, 480] (0.02000784621420165 102)
[161, 239] (0.020400156924284034 104)
[529, 692] (0.056296586896822286 287)
[354, 706] (0.021380933699489995 109)
[529, 694] (0.03746567281286779 191)
[12, 35] (0.02020400156924284 103)
[71, 419] (0.024911730090231465 127)
[529, 690] (0.021184778344448804 108)
[21, 829] (0.02255786582973715 115)
[205, 487] (0.02314633189486073 118)
[205, 489] (0.03334641035700275 170)
[217, 460] (0.03275794429187917 167)
[290, 529] (0.02020400156924284 103)
[72, 510] (0.022754021184778345 116)
[489, 883] (0.03413103177716752 174)
[204, 326] (0.022165555119654765 113)
[294, 829] (0.024911730090231465 127)
[368, 720] (0.05100039231071008 260)
[368, 722] (0.041388779913691644 211)
[279, 438] (0.02451941938014908 125)
[145, 992] (0.020400156924284034 104)
[362, 862] (0.02000784621420165 102)
[198, 829] (0.02451941938014908 125)
[674, 937] (0.02451941938014908 125)
[197, 989] (0.02706943899568458 138)
[145, 982] (0.02255786582973715 115)
[541, 682] (0.022754021184778345 116)
[43, 236] (0.02098862298940761 107)
[675, 766] (0.02608866222047862 133)
[541, 692] (0.029423303256178895 150)
[283, 895] (0.02236171047469596 114)
[129, 151] (0.02079246763436642 106)
[339, 598] (0.029030992546096507 148)
[120, 145] (0.022950176539819536 117)
[283, 885] (0.020596312279325225 105)
[541, 694] (0.0239309533150255 122)
[362, 829] (0.030207924676343666 154)
[460, 914] (0.02255786582973715 115)
[283, 883] (0.021184778344448804 108)
[368, 701] (0.02098862298940761 107)
[279, 419] (0.0400156924284033 204)
[236, 829] (0.02687328364064339 137)
[368, 706] (0.03432718713220871 175)
[294, 862] (0.021969399764613574 112)
[283, 829] (0.03511180855237348 179)
[427, 510] (0.02020400156924284 103)
[362, 897] (0.02451941938014908 125)
[354, 775] (0.025107885445272655 128)
[368, 758] (0.02079246763436642 106)
[55, 809] (0.02157708905453119 110)
[634, 676] (0.02000784621420165 102)
[354, 766] (0.02550019615535504 130)
[368, 752] (0.04433111023930953 226)
[362, 895] (0.03393487642212632 173)
[368, 769] (0.02098862298940761 107)
[460, 956] (0.021184778344448804 108)
[120, 140] (0.022950176539819536 117)
[572, 956] (0.02000784621420165 102)
[110, 419] (0.025107885445272655 128)
[368, 763] (0.025107885445272655 128)
[368, 766] (0.04393879952922715 224)
[427, 529] (0.036877206747744216 188)
[112, 529] (0.02706943899568458 138)
[205, 401] (0.024323264025107885 124)
[276, 829] (0.026480972930561005 135)
[368, 735] (0.02608866222047862 133)
[368, 736] (0.02236171047469596 114)
[140, 694] (0.02471557473519027 126)
[140, 692] (0.02706943899568458 138)
[373, 682] (0.02079246763436642 106)
[48, 381] (0.020400156924284034 104)
[205, 413] (0.02000784621420165 102)
[110, 438] (0.024911730090231465 127)
[529, 614] (0.026677128285602196 136)
[541, 663] (0.02098862298940761 107)
[676, 897] (0.0239309533150255 122)
[722, 867] (0.02314633189486073 118)
[722, 862] (0.022754021184778345 116)
[140, 682] (0.02687328364064339 137)
[8, 795] (0.024911730090231465 127)
[538, 676] (0.027265594350725775 139)
[692, 878] (0.02373479795998431 121)
[675, 829] (0.022754021184778345 116)
[438, 736] (0.02236171047469596 114)
[355, 438] (0.021184778344448804 108)
[368, 793] (0.0239309533150255 122)
[120, 217] (0.02451941938014908 125)
[140, 674] (0.02020400156924284 103)
[722, 854] (0.02020400156924284 103)
[368, 795] (0.035307963907414676 180)
[368, 797] (0.030992546096508436 158)
[438, 735] (0.020596312279325225 105)
[70, 829] (0.02334248724990192 119)
[477, 489] (0.02628481757551981 134)
[692, 897] (0.02177324440957238 111)
[554, 893] (0.02000784621420165 102)
[120, 205] (0.02765790506080816 141)
[368, 782] (0.02451941938014908 125)
[368, 785] (0.02530404080031385 129)
[438, 722] (0.037857983522950174 193)
[438, 720] (0.026677128285602196 136)
[722, 883] (0.02530404080031385 129)
[110, 477] (0.024127108670066694 123)
[118, 368] (0.020596312279325225 105)
[35, 682] (0.024911730090231465 127)
[692, 883] (0.024323264025107885 124)
[538, 692] (0.024323264025107885 124)
[368, 775] (0.039427226363279715 201)
[368, 778] (0.02000784621420165 102)
[145, 914] (0.03471949784229109 177)
[470, 956] (0.02098862298940761 107)
[692, 887] (0.02177324440957238 111)
[283, 766] (0.03275794429187917 167)
[339, 618] (0.02098862298940761 107)
[326, 368] (0.02255786582973715 115)
[438, 706] (0.02000784621420165 102)
[694, 937] (0.022754021184778345 116)
[151, 368] (0.02844252648097293 145)
[110, 489] (0.02334248724990192 119)
[145, 937] (0.02334248724990192 119)
[510, 895] (0.03236563358179678 165)
[401, 419] (0.024323264025107885 124)
[510, 897] (0.03471949784229109 177)
[8, 766] (0.02687328364064339 137)
[401, 413] (0.02687328364064339 137)
[510, 890] (0.030992546096508436 158)
[236, 862] (0.023538642604943115 120)
[145, 967] (0.02098862298940761 107)
[145, 966] (0.021380933699489995 109)
[196, 914] (0.02314633189486073 118)
[694, 956] (0.02236171047469596 114)
[8, 775] (0.02765790506080816 141)
[145, 956] (0.028834837191055316 147)
[390, 829] (0.02079246763436642 106)
[676, 829] (0.03648489603766183 186)
[722, 829] (0.031777167516673206 162)
[401, 438] (0.020400156924284034 104)
[46, 692] (0.020596312279325225 105)
[46, 661] (0.028246371125931737 144)
[12, 766] (0.02844252648097293 145)
[510, 862] (0.02157708905453119 110)
[115, 368] (0.03216947822675559 164)
[177, 795] (0.02177324440957238 111)
[489, 890] (0.02236171047469596 114)
[890, 914] (0.030992546096508436 158)
[489, 897] (0.02785406041584935 142)
[8, 720] (0.02863868183601412 146)
[489, 895] (0.02785406041584935 142)
[8, 722] (0.02236171047469596 114)
[778, 829] (0.02628481757551981 134)
[31, 276] (0.021969399764613574 112)
[510, 883] (0.02981561396626128 152)
[510, 885] (0.021380933699489995 109)
[510, 886] (0.02236171047469596 114)
[197, 368] (0.02157708905453119 110)
[12, 752] (0.022950176539819536 117)
[55, 766] (0.029423303256178895 150)
[177, 775] (0.02255786582973715 115)
[334, 766] (0.02020400156924284 103)
[438, 795] (0.022950176539819536 117)
[266, 362] (0.021969399764613574 112)
[71, 326] (0.02020400156924284 103)
[177, 766] (0.03060023538642605 156)
[266, 368] (0.041388779913691644 211)
[69, 510] (0.022950176539819536 117)
[351, 368] (0.022165555119654765 113)
[401, 489] (0.03668105139270302 187)
[175, 829] (0.02098862298940761 107)
[217, 401] (0.02765790506080816 141)
[12, 722] (0.0239309533150255 122)
[177, 752] (0.030404080031384857 155)
[510, 829] (0.0451157316594743 230)
[70, 883] (0.02687328364064339 137)
[31, 217] (0.022165555119654765 113)
[722, 890] (0.02255786582973715 115)
[470, 937] (0.028246371125931737 144)
[438, 775] (0.021184778344448804 108)
[487, 766] (0.022950176539819536 117)
[692, 829] (0.046488819144762654 237)
[510, 814] (0.022950176539819536 117)
[122, 897] (0.024323264025107885 124)
[937, 966] (0.023538642604943115 120)
[438, 766] (0.037073362102785404 189)
[395, 895] (0.022165555119654765 113)
[405, 766] (0.02157708905453119 110)
[32, 956] (0.023538642604943115 120)
[8, 701] (0.02177324440957238 111)
[413, 489] (0.022165555119654765 113)
[71, 362] (0.022754021184778345 116)
[450, 956] (0.02020400156924284 103)
[71, 368] (0.03432718713220871 175)
[438, 752] (0.02628481757551981 134)
[937, 956] (0.025696351510396235 131)
[419, 480] (0.04040800313848568 206)
[541, 956] (0.02373479795998431 121)
[217, 966] (0.022754021184778345 116)
[419, 489] (0.03158101216163201 161)
[489, 745] (0.021969399764613574 112)
[538, 829] (0.03158101216163201 161)
[419, 487] (0.02098862298940761 107)
[538, 826] (0.022165555119654765 113)
[489, 752] (0.03060023538642605 156)
[682, 795] (0.021969399764613574 112)
[541, 967] (0.020596312279325225 105)
[217, 956] (0.03766182816790899 192)
[682, 766] (0.032561788936837976 166)
[541, 937] (0.02000784621420165 102)
[758, 829] (0.02550019615535504 130)
[171, 694] (0.02000784621420165 102)
[489, 722] (0.03883876029815614 198)
[217, 947] (0.029030992546096507 148)
[489, 720] (0.04040800313848568 206)
[70, 568] (0.020400156924284034 104)
[682, 775] (0.02785406041584935 142)
[217, 937] (0.03334641035700275 170)
[489, 736] (0.028834837191055316 147)
[316, 883] (0.02020400156924284 103)
[283, 937] (0.023538642604943115 120)
[12, 914] (0.024323264025107885 124)
[46, 829] (0.02863868183601412 146)
[489, 706] (0.024127108670066694 123)
[55, 217] (0.02079246763436642 106)
[72, 682] (0.03550411926245586 181)
[72, 692] (0.02628481757551981 134)
[279, 362] (0.02020400156924284 103)
[217, 914] (0.036877206747744216 188)
[797, 956] (0.031188701451549627 159)
[279, 368] (0.03236563358179678 165)
[217, 919] (0.023538642604943115 120)
[217, 918] (0.024127108670066694 123)
[419, 450] (0.03216947822675559 164)
[489, 710] (0.021184778344448804 108)
[283, 914] (0.031188701451549627 159)
[585, 692] (0.021184778344448804 108)
[161, 354] (0.02628481757551981 134)
[541, 982] (0.030207924676343666 154)
[419, 460] (0.025696351510396235 131)
[161, 362] (0.021184778344448804 108)
[161, 368] (0.03746567281286779 191)
[419, 470] (0.025696351510396235 131)
[322, 510] (0.0239309533150255 122)
[55, 205] (0.021184778344448804 108)
[419, 472] (0.0239309533150255 122)
[419, 477] (0.027265594350725775 139)
[177, 368] (0.031777167516673206 162)
[78, 419] (0.02000784621420165 102)
[460, 829] (0.02765790506080816 141)
[354, 401] (0.02000784621420165 102)
[177, 375] (0.02236171047469596 114)
[283, 966] (0.025892506865437426 132)
[239, 283] (0.02177324440957238 111)
[326, 438] (0.02451941938014908 125)
[467, 489] (0.02020400156924284 103)
[93, 220] (0.02255786582973715 115)
[112, 682] (0.02530404080031385 129)
[401, 883] (0.02373479795998431 121)
[177, 381] (0.02000784621420165 102)
[283, 956] (0.02000784621420165 102)
[151, 682] (0.02687328364064339 137)
[419, 427] (0.02020400156924284 103)
[316, 862] (0.02020400156924284 103)
[205, 775] (0.02157708905453119 110)
[145, 177] (0.02020400156924284 103)
[93, 217] (0.022165555119654765 113)
[145, 161] (0.02020400156924284 103)
[597, 937] (0.02765790506080816 141)
[419, 438] (0.03373872106708513 172)
[120, 720] (0.02020400156924284 103)
[204, 914] (0.021184778344448804 108)
[73, 145] (0.020596312279325225 105)
[326, 489] (0.026677128285602196 136)
[204, 217] (0.022950176539819536 117)
[373, 510] (0.0292271479011377 149)
[205, 752] (0.021184778344448804 108)
[554, 829] (0.02177324440957238 111)
[198, 937] (0.031777167516673206 162)
[205, 766] (0.026480972930561005 135)
[197, 829] (0.02373479795998431 121)
[354, 438] (0.02706943899568458 138)
[354, 419] (0.02236171047469596 114)
[8, 368] (0.04491957630443311 229)
[886, 895] (0.02098862298940761 107)
[438, 913] (0.02098862298940761 107)
[111, 510] (0.02314633189486073 118)
[205, 720] (0.02530404080031385 129)
[205, 722] (0.026677128285602196 136)
[8, 354] (0.02236171047469596 114)
[316, 829] (0.022165555119654765 113)
[424, 538] (0.021380933699489995 109)
[32, 541] (0.02000784621420165 102)
[792, 829] (0.021969399764613574 112)
[401, 829] (0.027461749705766966 140)
[438, 919] (0.02608866222047862 133)
[120, 766] (0.02157708905453119 110)
[217, 982] (0.02451941938014908 125)
[438, 914] (0.028050215770890546 143)
[373, 529] (0.026677128285602196 136)
[510, 797] (0.02471557473519027 126)
[510, 795] (0.02079246763436642 106)
[438, 809] (0.02157708905453119 110)
[21, 480] (0.02314633189486073 118)
[354, 470] (0.02079246763436642 106)
[561, 829] (0.02079246763436642 106)
[69, 419] (0.02314633189486073 118)
[140, 145] (0.02706943899568458 138)
[368, 438] (0.047861906630051 244)
[177, 419] (0.02471557473519027 126)
[510, 785] (0.02373479795998431 121)
[145, 205] (0.02471557473519027 126)
[354, 489] (0.028050215770890546 143)
[354, 487] (0.022950176539819536 117)
[470, 829] (0.027461749705766966 140)
[362, 914] (0.02157708905453119 110)
[296, 897] (0.021184778344448804 108)
[368, 427] (0.028834837191055316 147)
[145, 217] (0.04472342094939192 228)
[362, 956] (0.022950176539819536 117)
[775, 895] (0.0239309533150255 122)
[775, 897] (0.02451941938014908 125)
[438, 829] (0.04197724597881522 214)
[510, 775] (0.03216947822675559 164)
[467, 510] (0.02098862298940761 107)
[368, 450] (0.04276186739897999 218)
[283, 897] (0.02177324440957238 111)
[205, 829] (0.03570027461749706 182)
[510, 766] (0.03766182816790899 192)
[775, 883] (0.02844252648097293 145)
[460, 897] (0.02608866222047862 133)
[205, 814] (0.02177324440957238 111)
[177, 438] (0.036092585327579446 184)
[362, 937] (0.02157708905453119 110)
[427, 829] (0.02373479795998431 121)
[427, 897] (0.021184778344448804 108)
[427, 895] (0.02314633189486073 118)
[8, 427] (0.02863868183601412 146)
[597, 914] (0.026480972930561005 135)
[21, 438] (0.02255786582973715 115)
[236, 510] (0.021184778344448804 108)
[346, 890] (0.022950176539819536 117)
[571, 829] (0.021969399764613574 112)
[427, 883] (0.025107885445272655 128)
[775, 862] (0.02628481757551981 134)
[8, 438] (0.025107885445272655 128)
[368, 419] (0.05511965476657513 281)
[826, 829] (0.02863868183601412 146)
[368, 413] (0.04178109062377403 213)
[177, 489] (0.03354256571204394 171)
[177, 487] (0.0239309533150255 122)
[538, 797] (0.025696351510396235 131)
[8, 419] (0.03001176932130247 153)
[368, 408] (0.02079246763436642 106)
[236, 529] (0.03275794429187917 167)
[368, 405] (0.02079246763436642 106)
[368, 401] (0.03589642997253825 183)
[438, 862] (0.024323264025107885 124)
[155, 579] (0.021380933699489995 109)
[110, 968] (0.026677128285602196 136)
[438, 897] (0.028050215770890546 143)
[438, 895] (0.0292271479011377 149)
[438, 890] (0.03236563358179678 165)
[413, 937] (0.027265594350725775 139)
[115, 682] (0.02785406041584935 142)
[381, 529] (0.03275794429187917 167)
[140, 919] (0.020400156924284034 104)
[775, 829] (0.03354256571204394 171)
[438, 883] (0.0319733228717144 163)
[12, 829] (0.027461749705766966 140)
[390, 529] (0.02236171047469596 114)
[682, 829] (0.04060415849352687 207)
[21, 419] (0.026480972930561005 135)
[197, 694] (0.02020400156924284 103)
[413, 956] (0.0292271479011377 149)
[450, 480] (0.021380933699489995 109)
[21, 401] (0.021380933699489995 109)
[140, 937] (0.030992546096508436 158)
[72, 694] (0.02334248724990192 119)
[538, 752] (0.02451941938014908 125)
[70, 510] (0.029030992546096507 148)
[12, 885] (0.02000784621420165 102)
[12, 883] (0.02236171047469596 114)
[368, 477] (0.03334641035700275 170)
[489, 797] (0.0239309533150255 122)
[489, 795] (0.022950176539819536 117)
[510, 752] (0.030992546096508436 158)
[682, 883] (0.036877206747744216 188)
[368, 480] (0.03413103177716752 174)
[682, 886] (0.02471557473519027 126)
[161, 294] (0.02687328364064339 137)
[450, 489] (0.03001176932130247 153)
[368, 460] (0.03060023538642605 156)
[368, 470] (0.038642604943114944 197)
[140, 956] (0.02236171047469596 114)
[227, 752] (0.02157708905453119 110)
[350, 966] (0.02000784621420165 102)
[489, 778] (0.02098862298940761 107)
[489, 775] (0.03079639074146724 157)
[280, 529] (0.02451941938014908 125)
[538, 720] (0.023538642604943115 120)
[70, 529] (0.02451941938014908 125)
[368, 489] (0.06276971361318164 320)
[12, 895] (0.026677128285602196 136)
[140, 982] (0.022754021184778345 116)
[368, 487] (0.03315025500196155 169)
[110, 145] (0.030207924676343666 154)
[895, 897] (0.021969399764613574 112)
[510, 722] (0.03060023538642605 156)
[510, 720] (0.03393487642212632 173)
[368, 494] (0.032561788936837976 166)
[489, 766] (0.0372695174578266 190)
[196, 279] (0.02157708905453119 110)
[127, 217] (0.02020400156924284 103)
[682, 854] (0.02255786582973715 115)
[682, 890] (0.02314633189486073 118)
[682, 895] (0.025107885445272655 128)
[682, 897] (0.02334248724990192 119)
[55, 112] (0.020400156924284034 104)
[597, 883] (0.0239309533150255 122)
[275, 710] (0.02098862298940761 107)
[489, 606] (0.02236171047469596 114)
[541, 820] (0.02098862298940761 107)
[541, 829] (0.024127108670066694 123)
[538, 956] (0.03668105139270302 187)
[424, 438] (0.02000784621420165 102)
[55, 140] (0.02079246763436642 106)
[70, 682] (0.020596312279325225 105)
[339, 368] (0.02628481757551981 134)
[373, 494] (0.02000784621420165 102)
[185, 529] (0.023538642604943115 120)
[205, 682] (0.030404080031384857 155)
[205, 680] (0.02000784621420165 102)
[319, 804] (0.02020400156924284 103)
[161, 484] (0.022165555119654765 113)
[73, 204] (0.021969399764613574 112)
[161, 489] (0.021969399764613574 112)
[419, 597] (0.029423303256178895 150)
[27, 489] (0.020596312279325225 105)
[373, 489] (0.02236171047469596 114)
[326, 510] (0.021184778344448804 108)
[205, 692] (0.02451941938014908 125)
[129, 819] (0.020596312279325225 105)
[73, 217] (0.02451941938014908 125)
[381, 510] (0.020596312279325225 105)
[598, 618] (0.02314633189486073 118)
[151, 529] (0.025696351510396235 131)
[419, 571] (0.02863868183601412 146)
[538, 914] (0.020596312279325225 105)
[316, 766] (0.024127108670066694 123)
[25, 419] (0.021380933699489995 109)
[151, 510] (0.02844252648097293 145)
[797, 829] (0.0239309533150255 122)
[541, 883] (0.02314633189486073 118)
[161, 438] (0.02020400156924284 103)
[419, 554] (0.022950176539819536 117)
[8, 450] (0.020596312279325225 105)
[510, 593] (0.02373479795998431 121)
[205, 638] (0.021380933699489995 109)
[217, 294] (0.020596312279325225 105)
[401, 722] (0.02373479795998431 121)
[183, 217] (0.02079246763436642 106)
[354, 510] (0.027461749705766966 140)
[299, 795] (0.02000784621420165 102)
[419, 561] (0.025107885445272655 128)
[368, 509] (0.030207924676343666 154)
[373, 438] (0.026677128285602196 136)
[618, 989] (0.02628481757551981 134)
[510, 597] (0.02000784621420165 102)
[368, 505] (0.02079246763436642 106)
[38, 368] (0.0239309533150255 122)
[161, 419] (0.03236563358179678 165)
[217, 275] (0.02236171047469596 114)
[217, 276] (0.025696351510396235 131)
[354, 529] (0.03668105139270302 187)
[316, 706] (0.02314633189486073 118)
[217, 279] (0.02079246763436642 106)
[145, 283] (0.02255786582973715 115)
[8, 470] (0.02098862298940761 107)
[419, 529] (0.04158493526873284 212)
[597, 829] (0.036092585327579446 184)
[161, 427] (0.02255786582973715 115)
[93, 966] (0.025107885445272655 128)
[8, 460] (0.021184778344448804 108)
[419, 541] (0.02471557473519027 126)
[69, 368] (0.030992546096508436 158)
[217, 283] (0.03354256571204394 171)
[54, 829] (0.02079246763436642 106)
[205, 675] (0.02373479795998431 121)
[618, 966] (0.0239309533150255 122)
[419, 538] (0.02098862298940761 107)
[183, 205] (0.02020400156924284 103)
[419, 510] (0.049627304825421735 253)
[631, 829] (0.021969399764613574 112)
[419, 509] (0.02000784621420165 102)
[120, 890] (0.020400156924284034 104)
[8, 480] (0.028246371125931737 144)
[120, 895] (0.02373479795998431 121)
[692, 694] (0.028834837191055316 147)
[8, 489] (0.024323264025107885 124)
[217, 266] (0.02765790506080816 141)
[419, 523] (0.02098862298940761 107)
[35, 489] (0.022165555119654765 113)
[205, 618] (0.02628481757551981 134)
[377, 883] (0.021969399764613574 112)
[73, 283] (0.02334248724990192 119)
[145, 346] (0.023538642604943115 120)
[401, 692] (0.02530404080031385 129)
[438, 966] (0.02177324440957238 111)
[177, 579] (0.03413103177716752 174)
[368, 581] (0.024323264025107885 124)
[460, 766] (0.02844252648097293 145)
[71, 177] (0.027461749705766966 140)
[71, 175] (0.024323264025107885 124)
[401, 682] (0.027265594350725775 139)
[368, 579] (0.02314633189486073 118)
[140, 890] (0.02530404080031385 129)
[368, 573] (0.022165555119654765 113)
[368, 576] (0.03079639074146724 157)
[438, 956] (0.03295409964692036 168)
[368, 572] (0.022754021184778345 116)
[368, 571] (0.02628481757551981 134)
[8, 510] (0.031188701451549627 159)
[510, 663] (0.02373479795998431 121)
[368, 567] (0.02451941938014908 125)
[145, 316] (0.02177324440957238 111)
[140, 883] (0.022754021184778345 116)
[183, 294] (0.02079246763436642 106)
[368, 561] (0.02451941938014908 125)
[381, 480] (0.02000784621420165 102)
[8, 529] (0.04236955668889761 216)
[347, 529] (0.02550019615535504 130)
[145, 334] (0.02079246763436642 106)
[738, 766] (0.02157708905453119 110)
[381, 489] (0.02157708905453119 110)
[368, 554] (0.025696351510396235 131)
[177, 541] (0.022165555119654765 113)
[438, 937] (0.025696351510396235 131)
[895, 937] (0.04197724597881522 214)
[775, 984] (0.02373479795998431 121)
[510, 684] (0.02020400156924284 103)
[510, 682] (0.037857983522950174 193)
[48, 140] (0.02236171047469596 114)
[368, 540] (0.024127108670066694 123)
[682, 919] (0.02000784621420165 102)
[31, 438] (0.02098862298940761 107)
[682, 914] (0.036288740682620634 185)
[510, 692] (0.04668497449980384 238)
[368, 541] (0.036877206747744216 188)
[71, 110] (0.021969399764613574 112)
[300, 510] (0.02079246763436642 106)
[460, 720] (0.024911730090231465 127)
[510, 674] (0.02079246763436642 106)
[470, 766] (0.021380933699489995 109)
[510, 675] (0.02471557473519027 126)
[510, 676] (0.02981561396626128 152)
[368, 538] (0.03001176932130247 153)
[8, 541] (0.023538642604943115 120)
[886, 937] (0.02451941938014908 125)
[368, 534] (0.020400156924284034 104)
[826, 956] (0.02471557473519027 126)
[115, 529] (0.02020400156924284 103)
[895, 914] (0.02765790506080816 141)
[110, 217] (0.022950176539819536 117)
[368, 529] (0.07610827775598274 388)
[509, 598] (0.02236171047469596 114)
[427, 766] (0.024911730090231465 127)
[470, 722] (0.02020400156924284 103)
[120, 829] (0.0239309533150255 122)
[682, 937] (0.027265594350725775 139)
[510, 694] (0.03354256571204394 171)
[110, 205] (0.02334248724990192 119)
[706, 937] (0.022950176539819536 117)
[43, 510] (0.023538642604943115 120)
[51, 956] (0.022754021184778345 116)
[368, 510] (0.05747351902706944 293)
[71, 919] (0.02530404080031385 129)
[682, 956] (0.03589642997253825 183)
[234, 829] (0.022165555119654765 113)
[489, 684] (0.02255786582973715 115)
[489, 682] (0.046488819144762654 237)
[71, 921] (0.02098862298940761 107)
[381, 413] (0.02020400156924284 103)
[775, 937] (0.02098862298940761 107)
[509, 529] (0.021380933699489995 109)
[236, 692] (0.02451941938014908 125)
[538, 883] (0.02314633189486073 118)
[489, 675] (0.03491565319733229 178)
[489, 676] (0.022950176539819536 117)
[918, 956] (0.02079246763436642 106)
[71, 914] (0.030992546096508436 158)
[895, 956] (0.022950176539819536 117)
[21, 529] (0.032561788936837976 166)
[775, 956] (0.02020400156924284 103)
[682, 967] (0.022950176539819536 117)
[918, 937] (0.020400156924284034 104)
[489, 692] (0.03746567281286779 191)
[682, 966] (0.022165555119654765 113)
[12, 956] (0.020596312279325225 105)
[489, 694] (0.02373479795998431 121)
[71, 937] (0.02177324440957238 111)
[25, 510] (0.03295409964692036 168)
[110, 283] (0.02981561396626128 152)
[484, 529] (0.02706943899568458 138)
[350, 829] (0.022754021184778345 116)
[489, 634] (0.027461749705766966 140)
[177, 529] (0.02706943899568458 138)
[71, 956] (0.02451941938014908 125)
[682, 984] (0.02236171047469596 114)
[682, 982] (0.021969399764613574 112)
[12, 145] (0.02981561396626128 152)
[177, 510] (0.027265594350725775 139)
[12, 140] (0.021969399764613574 112)
[122, 682] (0.021380933699489995 109)
[489, 665] (0.020400156924284034 104)
[280, 419] (0.021184778344448804 108)
[489, 663] (0.02079246763436642 106)
[510, 614] (0.024911730090231465 127)
[368, 593] (0.02550019615535504 130)
[634, 956] (0.021184778344448804 108)
[368, 597] (0.0372695174578266 190)
[368, 598] (0.0239309533150255 122)
[775, 913] (0.021184778344448804 108)
[381, 438] (0.02451941938014908 125)
[775, 914] (0.02530404080031385 129)
[140, 829] (0.0292271479011377 149)
[541, 914] (0.02177324440957238 111)
[529, 966] (0.03413103177716752 174)
[276, 489] (0.02334248724990192 119)
[161, 510] (0.02079246763436642 106)
[31, 766] (0.022950176539819536 117)
[115, 829] (0.02530404080031385 129)
[424, 797] (0.021969399764613574 112)
[529, 956] (0.03570027461749706 182)
[529, 952] (0.02373479795998431 121)
[529, 947] (0.030992546096508436 158)
[529, 949] (0.022754021184778345 116)
[597, 720] (0.020596312279325225 105)
[381, 829] (0.0292271479011377 149)
[110, 766] (0.02451941938014908 125)
[12, 283] (0.0239309533150255 122)
[529, 944] (0.021184778344448804 108)
[529, 937] (0.03511180855237348 179)
[35, 368] (0.027461749705766966 140)
[477, 792] (0.02334248724990192 119)
[116, 419] (0.021969399764613574 112)
[140, 368] (0.03903491565319733 199)
[413, 720] (0.020596312279325225 105)
[140, 362] (0.02020400156924284 103)
[161, 529] (0.04040800313848568 206)
[205, 989] (0.027265594350725775 139)
[598, 900] (0.02314633189486073 118)
[72, 829] (0.03079639074146724 157)
[102, 368] (0.021380933699489995 109)
[71, 722] (0.023538642604943115 120)
[51, 110] (0.021969399764613574 112)
[122, 419] (0.03275794429187917 167)
[12, 217] (0.022950176539819536 117)
[413, 706] (0.02157708905453119 110)
[120, 494] (0.02020400156924284 103)
[161, 579] (0.020596312279325225 105)
[529, 992] (0.022165555119654765 113)
[276, 480] (0.023538642604943115 120)
[529, 982] (0.03354256571204394 171)
[46, 141] (0.02177324440957238 111)
[472, 489] (0.026677128285602196 136)
[529, 984] (0.02098862298940761 107)
[593, 829] (0.023538642604943115 120)
[177, 217] (0.037857983522950174 193)
[145, 438] (0.029619458611220086 151)
[32, 510] (0.03315025500196155 169)
[71, 752] (0.03550411926245586 181)
[510, 541] (0.03668105139270302 187)
[130, 529] (0.021969399764613574 112)
[145, 427] (0.025107885445272655 128)
[480, 571] (0.024323264025107885 124)
[32, 529] (0.02608866222047862 133)
[480, 692] (0.02334248724990192 119)
[71, 766] (0.02255786582973715 115)
[145, 413] (0.02098862298940761 107)
[145, 419] (0.037857983522950174 193)
[477, 720] (0.02000784621420165 102)
[196, 362] (0.02255786582973715 115)
[204, 883] (0.02020400156924284 103)
[196, 368] (0.030207924676343666 154)
[736, 829] (0.021380933699489995 109)
[183, 368] (0.027461749705766966 140)
[381, 895] (0.02314633189486073 118)
[145, 401] (0.02334248724990192 119)
[381, 893] (0.02020400156924284 103)
[510, 581] (0.036288740682620634 185)
[177, 205] (0.028050215770890546 143)
[142, 484] (0.02236171047469596 114)
[177, 204] (0.02314633189486073 118)
[142, 480] (0.02000784621420165 102)
[294, 510] (0.02079246763436642 106)
[487, 489] (0.02785406041584935 142)
[1, 982] (0.02687328364064339 137)
[204, 895] (0.025107885445272655 128)
[571, 692] (0.02020400156924284 103)
[510, 579] (0.0239309533150255 122)
[51, 187] (0.02000784621420165 102)
[618, 900] (0.02177324440957238 111)
[145, 489] (0.036288740682620634 185)
[294, 529] (0.04158493526873284 212)
[145, 487] (0.02157708905453119 110)
[239, 368] (0.028050215770890546 143)
[145, 480] (0.022950176539819536 117)
[73, 368] (0.030404080031384857 155)
[48, 694] (0.02334248724990192 119)
[140, 387] (0.021380933699489995 109)
[413, 797] (0.025696351510396235 131)
[140, 381] (0.028246371125931737 144)
[58, 368] (0.021969399764613574 112)
[510, 529] (0.04197724597881522 214)
[71, 775] (0.02236171047469596 114)
[477, 766] (0.020400156924284034 104)
[110, 720] (0.031777167516673206 162)
[72, 883] (0.026480972930561005 135)
[510, 522] (0.02255786582973715 115)
[597, 766] (0.02373479795998431 121)
[98, 489] (0.02236171047469596 114)
[227, 510] (0.02157708905453119 110)
[510, 538] (0.02706943899568458 138)
[145, 450] (0.02236171047469596 114)
[217, 722] (0.02608866222047862 133)
[217, 720] (0.030992546096508436 158)
[897, 952] (0.02177324440957238 111)
[897, 956] (0.025696351510396235 131)
[151, 966] (0.02314633189486073 118)
[8, 205] (0.02098862298940761 107)
[460, 692] (0.025892506865437426 132)
[145, 381] (0.02255786582973715 115)
[70, 205] (0.02373479795998431 121)
[120, 510] (0.03432718713220871 175)
[294, 438] (0.02334248724990192 119)
[8, 217] (0.02706943899568458 138)
[204, 829] (0.0292271479011377 149)
[460, 676] (0.02628481757551981 134)
[145, 362] (0.02471557473519027 126)
[897, 937] (0.030992546096508436 158)
[145, 368] (0.04178109062377403 213)
[120, 529] (0.03805413887799137 194)
[71, 692] (0.02020400156924284 103)
[71, 694] (0.022950176539819536 117)
[897, 938] (0.02098862298940761 107)
[217, 752] (0.025696351510396235 131)
[71, 682] (0.02334248724990192 119)
[198, 217] (0.021380933699489995 109)
[25, 829] (0.020400156924284034 104)
[339, 966] (0.02530404080031385 129)
[460, 682] (0.02020400156924284 103)
[279, 914] (0.020596312279325225 105)
[339, 900] (0.028834837191055316 147)
[217, 769] (0.021969399764613574 112)
[217, 766] (0.03903491565319733 199)
[720, 752] (0.028050215770890546 143)
[897, 914] (0.0239309533150255 122)
[183, 362] (0.021184778344448804 108)
[480, 529] (0.029423303256178895 150)
[217, 775] (0.029619458611220086 151)
[73, 419] (0.02079246763436642 106)
[55, 419] (0.021969399764613574 112)
[294, 489] (0.02471557473519027 126)
[720, 766] (0.042173401333856414 215)
[480, 510] (0.023538642604943115 120)
[45, 829] (0.025107885445272655 128)
[151, 914] (0.02255786582973715 115)
[217, 782] (0.02020400156924284 103)
[93, 484] (0.021380933699489995 109)
[93, 480] (0.024323264025107885 124)
[217, 785] (0.022165555119654765 113)
[480, 674] (0.02530404080031385 129)
[93, 489] (0.02098862298940761 107)
[129, 529] (0.02079246763436642 106)
[32, 419] (0.02471557473519027 126)
[720, 736] (0.02020400156924284 103)
[217, 795] (0.03001176932130247 153)
[8, 239] (0.02177324440957238 111)
[175, 177] (0.020596312279325225 105)
[339, 914] (0.02000784621420165 102)
[55, 438] (0.02530404080031385 129)
[236, 316] (0.02608866222047862 133)
[8, 283] (0.022754021184778345 116)
[450, 682] (0.022754021184778345 116)
[70, 283] (0.023538642604943115 120)
[280, 368] (0.025107885445272655 128)
[8, 294] (0.02373479795998431 121)
[720, 722] (0.02157708905453119 110)
[93, 438] (0.021380933699489995 109)
[207, 368] (0.02765790506080816 141)
[450, 692] (0.02471557473519027 126)
[55, 489] (0.02157708905453119 110)
[24, 480] (0.02157708905453119 110)
[132, 368] (0.02255786582973715 115)
[112, 956] (0.022165555119654765 113)
[12, 204] (0.022165555119654765 113)
[132, 354] (0.02020400156924284 103)
[55, 480] (0.029423303256178895 150)
[711, 829] (0.02608866222047862 133)
[339, 989] (0.022754021184778345 116)
[598, 876] (0.021184778344448804 108)
[780, 829] (0.020596312279325225 105)
[795, 829] (0.026480972930561005 135)
[217, 706] (0.029030992546096507 148)
[32, 489] (0.028050215770890546 143)
[897, 989] (0.020596312279325225 105)
[110, 895] (0.02020400156924284 103)
[419, 944] (0.024323264025107885 124)
[489, 541] (0.035307963907414676 180)
[419, 949] (0.023538642604943115 120)
[919, 956] (0.02000784621420165 102)
[489, 548] (0.02608866222047862 133)
[401, 956] (0.02608866222047862 133)
[419, 956] (0.03648489603766183 186)
[205, 862] (0.024127108670066694 123)
[919, 937] (0.024127108670066694 123)
[489, 561] (0.02177324440957238 111)
[351, 862] (0.02177324440957238 111)
[205, 895] (0.022165555119654765 113)
[597, 614] (0.02098862298940761 107)
[205, 897] (0.02314633189486073 118)
[316, 937] (0.02255786582973715 115)
[413, 883] (0.02020400156924284 103)
[205, 883] (0.026480972930561005 135)
[419, 938] (0.02000784621420165 102)
[419, 937] (0.037857983522950174 193)
[489, 579] (0.022754021184778345 116)
[205, 876] (0.02236171047469596 114)
[51, 283] (0.02020400156924284 103)
[140, 217] (0.031188701451549627 159)
[276, 368] (0.03216947822675559 164)
[239, 438] (0.021969399764613574 112)
[71, 829] (0.02530404080031385 129)
[112, 914] (0.024323264025107885 124)
[489, 510] (0.04040800313848568 206)
[450, 571] (0.022754021184778345 116)
[408, 829] (0.022165555119654765 113)
[12, 368] (0.04040800313848568 206)
[12, 362] (0.02981561396626128 152)
[78, 529] (0.020596312279325225 105)
[413, 829] (0.028834837191055316 147)
[161, 694] (0.028050215770890546 143)
[161, 692] (0.024127108670066694 123)
[419, 966] (0.02334248724990192 119)
[12, 354] (0.02373479795998431 121)
[489, 529] (0.04354648881914476 222)
[413, 826] (0.02314633189486073 118)
[145, 529] (0.0400156924284033 204)
[72, 956] (0.02098862298940761 107)
[347, 368] (0.020596312279325225 105)
[161, 682] (0.035307963907414676 180)
[351, 897] (0.02098862298940761 107)
[316, 968] (0.021184778344448804 108)
[239, 419] (0.021969399764613574 112)
[145, 510] (0.03315025500196155 169)
[161, 676] (0.02314633189486073 118)
[489, 538] (0.02236171047469596 114)
[682, 694] (0.021184778344448804 108)
[73, 489] (0.020596312279325225 105)
[682, 692] (0.02550019615535504 130)
[326, 766] (0.02687328364064339 137)
[73, 480] (0.024323264025107885 124)
[177, 326] (0.02706943899568458 138)
[682, 687] (0.024127108670066694 123)
[893, 982] (0.020400156924284034 104)
[151, 758] (0.02000784621420165 102)
[381, 766] (0.021380933699489995 109)
[145, 541] (0.02020400156924284 103)
[204, 766] (0.02530404080031385 129)
[151, 766] (0.02020400156924284 103)
[82, 895] (0.02000784621420165 102)
[362, 419] (0.029619458611220086 151)
[597, 694] (0.02020400156924284 103)
[597, 692] (0.02079246763436642 106)
[477, 829] (0.03216947822675559 164)
[71, 897] (0.022754021184778345 116)
[110, 829] (0.0345233424872499 176)
[752, 766] (0.02373479795998431 121)
[597, 682] (0.020400156924284034 104)
[25, 682] (0.02628481757551981 134)
[362, 460] (0.020400156924284034 104)
[294, 414] (0.021380933699489995 109)
[614, 937] (0.02785406041584935 142)
[413, 895] (0.025892506865437426 132)
[800, 829] (0.03216947822675559 164)
[294, 419] (0.02451941938014908 125)
[145, 597] (0.02079246763436642 106)
[477, 883] (0.02236171047469596 114)
[419, 918] (0.02236171047469596 114)
[419, 919] (0.02157708905453119 110)
[72, 161] (0.024323264025107885 124)
[419, 914] (0.03295409964692036 168)
[39, 529] (0.02530404080031385 129)
[489, 597] (0.021969399764613574 112)
[198, 413] (0.02079246763436642 106)
[401, 937] (0.02098862298940761 107)
[687, 722] (0.02236171047469596 114)
[319, 529] (0.024127108670066694 123)
[736, 766] (0.021969399764613574 112)
[236, 368] (0.027461749705766966 140)
[362, 438] (0.02334248724990192 119)
[480, 484] (0.024127108670066694 123)
[682, 722] (0.03001176932130247 153)
[127, 346] (0.021380933699489995 109)
[682, 720] (0.025696351510396235 131)
[73, 510] (0.021969399764613574 112)
[283, 381] (0.024127108670066694 123)
[362, 368] (0.04236955668889761 216)
[196, 529] (0.020596312279325225 105)
[151, 819] (0.020596312279325225 105)
[412, 897] (0.022165555119654765 113)
[73, 529] (0.030404080031384857 155)
[217, 883] (0.028834837191055316 147)
[368, 373] (0.03413103177716752 174)
[183, 419] (0.021184778344448804 108)
[480, 766] (0.0239309533150255 122)
[236, 489] (0.020400156924284034 104)
[127, 368] (0.02863868183601412 146)
[82, 829] (0.02550019615535504 130)
[196, 510] (0.021969399764613574 112)
[217, 854] (0.02020400156924284 103)
[48, 956] (0.020400156924284034 104)
[236, 450] (0.02020400156924284 103)
[706, 766] (0.03315025500196155 169)
[217, 862] (0.027461749705766966 140)
[682, 752] (0.023538642604943115 120)
[8, 12] (0.022165555119654765 113)
[151, 829] (0.03079639074146724 157)
[381, 682] (0.021380933699489995 109)
[335, 529] (0.02098862298940761 107)
[381, 675] (0.02020400156924284 103)
[236, 438] (0.02000784621420165 102)
[27, 752] (0.02079246763436642 106)
[93, 368] (0.030404080031384857 155)
[8, 71] (0.02314633189486073 118)
[8, 70] (0.026480972930561005 135)
[8, 73] (0.022754021184778345 116)
[381, 694] (0.028050215770890546 143)
[381, 692] (0.02020400156924284 103)
[381, 687] (0.021184778344448804 108)
[279, 829] (0.02530404080031385 129)
[368, 381] (0.03491565319733229 178)
[283, 362] (0.02000784621420165 102)
[368, 385] (0.02000784621420165 102)
[177, 275] (0.02471557473519027 126)
[217, 897] (0.02451941938014908 125)
[217, 895] (0.029619458611220086 151)
[283, 368] (0.04178109062377403 213)
[183, 489] (0.02334248724990192 119)
[217, 890] (0.029030992546096507 148)
[236, 413] (0.022950176539819536 117)
[8, 45] (0.02157708905453119 110)
[294, 362] (0.02334248724990192 119)
[368, 377] (0.027461749705766966 140)
[294, 368] (0.03138485680659082 160)
[110, 914] (0.023538642604943115 120)
[368, 390] (0.0239309533150255 122)
[706, 720] (0.026480972930561005 135)
[198, 368] (0.04629266378972146 236)
[665, 682] (0.023538642604943115 120)
[294, 354] (0.02255786582973715 115)
[8, 120] (0.026677128285602196 136)
[205, 900] (0.027265594350725775 139)
[55, 362] (0.029030992546096507 148)
[8, 140] (0.020400156924284034 104)
[112, 829] (0.026677128285602196 136)
[205, 914] (0.02550019615535504 130)
[8, 145] (0.02157708905453119 110)
[205, 919] (0.02471557473519027 126)
[265, 489] (0.02550019615535504 130)
[419, 890] (0.020596312279325225 105)
[419, 895] (0.02255786582973715 115)
[419, 897] (0.043742644174185955 223)
[283, 326] (0.026677128285602196 136)
[350, 368] (0.025107885445272655 128)
[8, 161] (0.02334248724990192 119)
[220, 674] (0.022950176539819536 117)
[205, 937] (0.025696351510396235 131)
[55, 326] (0.024323264025107885 124)
[419, 883] (0.03295409964692036 168)
[419, 886] (0.028050215770890546 143)
[419, 885] (0.030404080031384857 155)
[217, 829] (0.041388779913691644 211)
[32, 368] (0.028050215770890546 143)
[120, 692] (0.020596312279325225 105)
[480, 712] (0.02157708905453119 110)
[205, 944] (0.02314633189486073 118)
[316, 914] (0.02000784621420165 102)
[480, 722] (0.022165555119654765 113)
[480, 720] (0.02255786582973715 115)
[205, 956] (0.03001176932130247 153)
[460, 510] (0.028050215770890546 143)
[205, 966] (0.03216947822675559 164)
[217, 800] (0.020400156924284034 104)
[450, 510] (0.024127108670066694 123)
[460, 529] (0.03060023538642605 156)
[217, 819] (0.0239309533150255 122)
[55, 368] (0.03315025500196155 169)
[120, 682] (0.02314633189486073 118)
[450, 529] (0.02334248724990192 119)
[205, 982] (0.02157708905453119 110)
[217, 820] (0.025892506865437426 132)
[205, 984] (0.024127108670066694 123)
[204, 692] (0.020596312279325225 105)
[12, 489] (0.025892506865437426 132)
[676, 766] (0.024127108670066694 123)
[956, 992] (0.02157708905453119 110)
[529, 752] (0.037857983522950174 193)
[487, 634] (0.021184778344448804 108)
[12, 480] (0.02157708905453119 110)
[529, 746] (0.025696351510396235 131)
[51, 368] (0.02765790506080816 141)
[674, 829] (0.021380933699489995 109)
[118, 692] (0.020400156924284034 104)
[377, 529] (0.02177324440957238 111)
[529, 735] (0.022754021184778345 116)
[674, 854] (0.022754021184778345 116)
[140, 597] (0.020400156924284034 104)
[145, 634] (0.022165555119654765 113)
[419, 862] (0.02157708905453119 110)
[614, 883] (0.021184778344448804 108)
[419, 854] (0.021380933699489995 109)
[529, 722] (0.028834837191055316 147)
[354, 897] (0.025696351510396235 131)
[769, 829] (0.02334248724990192 119)
[362, 510] (0.03295409964692036 168)
[294, 720] (0.030404080031384857 155)
[21, 368] (0.024911730090231465 127)
[676, 792] (0.02020400156924284 103)
[809, 913] (0.024911730090231465 127)
[529, 720] (0.043742644174185955 223)
[419, 867] (0.02098862298940761 107)
[362, 509] (0.020596312279325225 105)
[110, 529] (0.027461749705766966 140)
[509, 876] (0.022165555119654765 113)
[477, 529] (0.02255786582973715 115)
[112, 205] (0.021380933699489995 109)
[614, 829] (0.0292271479011377 149)
[54, 480] (0.02530404080031385 129)
[529, 706] (0.03236563358179678 165)
[752, 829] (0.03236563358179678 165)
[854, 937] (0.02157708905453119 110)
[69, 720] (0.02785406041584935 142)
[120, 276] (0.02177324440957238 111)
[161, 766] (0.02177324440957238 111)
[477, 510] (0.024911730090231465 127)
[205, 385] (0.02000784621420165 102)
[110, 510] (0.02550019615535504 130)
[120, 283] (0.020400156924284034 104)
[239, 510] (0.02687328364064339 137)
[809, 956] (0.03354256571204394 171)
[354, 368] (0.03471949784229109 177)
[684, 829] (0.028246371125931737 144)
[419, 829] (0.04746959591996862 242)
[403, 692] (0.024127108670066694 123)
[217, 598] (0.02157708905453119 110)
[722, 937] (0.02550019615535504 130)
[71, 538] (0.021969399764613574 112)
[354, 829] (0.03805413887799137 194)
[413, 510] (0.021380933699489995 109)
[48, 438] (0.02177324440957238 111)
[722, 956] (0.03589642997253825 183)
[71, 541] (0.02000784621420165 102)
[326, 883] (0.02255786582973715 115)
[413, 529] (0.03491565319733229 178)
[766, 803] (0.02020400156924284 103)
[54, 419] (0.02314633189486073 118)
[155, 177] (0.02255786582973715 115)
[177, 809] (0.03138485680659082 160)
[354, 800] (0.027265594350725775 139)
[722, 966] (0.02157708905453119 110)
[72, 283] (0.02098862298940761 107)
[71, 510] (0.025696351510396235 131)
[71, 529] (0.02844252648097293 145)
[346, 419] (0.021969399764613574 112)
[913, 914] (0.021969399764613574 112)
[55, 752] (0.02255786582973715 115)
[766, 829] (0.0372695174578266 190)
[122, 217] (0.02177324440957238 111)
[177, 829] (0.03334641035700275 170)
[362, 538] (0.021184778344448804 108)
[766, 862] (0.02451941938014908 125)
[450, 919] (0.02157708905453119 110)
[122, 205] (0.02098862298940761 107)
[529, 797] (0.021969399764613574 112)
[529, 795] (0.022950176539819536 117)
[129, 217] (0.020596312279325225 105)
[145, 692] (0.02255786582973715 115)
[362, 522] (0.020400156924284034 104)
[294, 752] (0.02079246763436642 106)
[217, 541] (0.030992546096508436 158)
[145, 694] (0.02079246763436642 106)
[362, 529] (0.03315025500196155 169)
[354, 883] (0.022754021184778345 116)
[450, 914] (0.02098862298940761 107)
[529, 785] (0.028050215770890546 143)
[641, 895] (0.02177324440957238 111)
[529, 784] (0.02373479795998431 121)
[956, 966] (0.02079246763436642 106)
[766, 883] (0.030992546096508436 158)
[294, 766] (0.030207924676343666 154)
[145, 682] (0.028834837191055316 147)
[413, 541] (0.02098862298940761 107)
[31, 914] (0.02236171047469596 114)
[529, 775] (0.029423303256178895 150)
[326, 897] (0.02451941938014908 125)
[217, 573] (0.020400156924284034 104)
[413, 538] (0.024127108670066694 123)
[217, 571] (0.02255786582973715 115)
[326, 895] (0.020400156924284034 104)
[198, 529] (0.02177324440957238 111)
[204, 634] (0.02000784621420165 102)
[21, 937] (0.021969399764613574 112)
[145, 675] (0.020596312279325225 105)
[145, 676] (0.02255786582973715 115)
[217, 561] (0.029619458611220086 151)
[529, 766] (0.03923107100823853 200)
[913, 956] (0.030992546096508436 158)
[362, 541] (0.02177324440957238 111)
[368, 890] (0.031777167516673206 162)
[8, 829] (0.03432718713220871 175)
[368, 895] (0.042173401333856414 215)
[368, 893] (0.022754021184778345 116)
[450, 829] (0.02863868183601412 146)
[55, 682] (0.02785406041584935 142)
[368, 897] (0.040211847783444485 205)
[55, 692] (0.021380933699489995 109)
[460, 489] (0.02844252648097293 145)
[368, 883] (0.044527265594350725 227)
[71, 489] (0.03334641035700275 170)
[70, 419] (0.03648489603766183 186)
[368, 886] (0.031777167516673206 162)
[177, 862] (0.028246371125931737 144)
[368, 888] (0.02236171047469596 114)
[283, 489] (0.02785406041584935 142)
[766, 775] (0.02098862298940761 107)
[283, 480] (0.020596312279325225 105)
[217, 510] (0.03844644958807376 196)
[27, 883] (0.02000784621420165 102)
[73, 694] (0.02098862298940761 107)
[73, 692] (0.028246371125931737 144)
[663, 883] (0.02000784621420165 102)
[346, 368] (0.02863868183601412 146)
[368, 871] (0.02334248724990192 119)
[346, 373] (0.02020400156924284 103)
[350, 472] (0.02079246763436642 106)
[217, 522] (0.02236171047469596 114)
[766, 785] (0.021969399764613574 112)
[217, 529] (0.047861906630051 244)
[177, 883] (0.02177324440957238 111)
[368, 860] (0.03079639074146724 157)
[368, 862] (0.03138485680659082 160)
[283, 468] (0.021969399764613574 112)
[217, 538] (0.020596312279325225 105)
[766, 797] (0.025696351510396235 131)
[71, 450] (0.023538642604943115 120)
[177, 897] (0.022754021184778345 116)
[32, 217] (0.029030992546096507 148)
[296, 419] (0.025107885445272655 128)
[177, 890] (0.02177324440957238 111)
[234, 510] (0.024911730090231465 127)
[368, 854] (0.02628481757551981 134)
[326, 968] (0.031188701451549627 159)
[32, 205] (0.031777167516673206 162)
[362, 489] (0.02314633189486073 118)
[130, 829] (0.022950176539819536 117)
[151, 205] (0.022165555119654765 113)
[70, 450] (0.021184778344448804 108)
[73, 631] (0.022165555119654765 113)
[151, 217] (0.028246371125931737 144)
[480, 883] (0.02020400156924284 103)
[480, 890] (0.02020400156924284 103)
[71, 438] (0.03275794429187917 167)
[70, 480] (0.02020400156924284 103)
[876, 900] (0.020400156924284034 104)
[21, 897] (0.022950176539819536 117)
[480, 897] (0.031777167516673206 162)
[368, 829] (0.06963515103962338 355)
[722, 914] (0.029030992546096507 148)
[368, 826] (0.028834837191055316 147)
[368, 820] (0.02471557473519027 126)
[122, 145] (0.02334248724990192 119)
[722, 919] (0.02157708905453119 110)
[663, 829] (0.028834837191055316 147)
[722, 918] (0.02020400156924284 103)
[480, 829] (0.030992546096508436 158)
[438, 477] (0.020596312279325225 105)
[720, 937] (0.025892506865437426 132)
[175, 368] (0.024127108670066694 123)
[207, 576] (0.02451941938014908 125)
[368, 814] (0.02706943899568458 138)
[85, 967] (0.02020400156924284 103)
[438, 470] (0.024127108670066694 123)
[368, 809] (0.022754021184778345 116)
[161, 720] (0.02314633189486073 118)
[161, 722] (0.021184778344448804 108)
[205, 339] (0.025107885445272655 128)
[438, 460] (0.0239309533150255 122)
[368, 800] (0.029423303256178895 150)
[368, 804] (0.02000784621420165 102)
[419, 795] (0.025696351510396235 131)
[183, 529] (0.02157708905453119 110)
[419, 797] (0.02706943899568458 138)
[720, 914] (0.024127108670066694 123)
[279, 775] (0.021380933699489995 109)
[8, 895] (0.03295409964692036 168)
[205, 368] (0.05296194586112201 270)
[112, 217] (0.024127108670066694 123)
[450, 885] (0.022754021184778345 116)
[450, 883] (0.026480972930561005 135)
[280, 829] (0.021969399764613574 112)
[484, 883] (0.03001176932130247 153)
[8, 890] (0.021184778344448804 108)
[205, 362] (0.028834837191055316 147)
[427, 484] (0.02177324440957238 111)
[450, 890] (0.02079246763436642 106)
[205, 354] (0.020596312279325225 105)
[8, 883] (0.024911730090231465 127)
[93, 674] (0.022950176539819536 117)
[12, 419] (0.035307963907414676 180)
[140, 510] (0.03432718713220871 175)
[480, 854] (0.02451941938014908 125)
[70, 938] (0.02000784621420165 102)
[419, 766] (0.03373872106708513 172)
[809, 890] (0.02177324440957238 111)
[140, 529] (0.027461749705766966 140)
[12, 438] (0.02471557473519027 126)
[350, 489] (0.02177324440957238 111)
[484, 854] (0.02079246763436642 106)
[93, 692] (0.02334248724990192 119)
[70, 956] (0.02098862298940761 107)
[283, 438] (0.030207924676343666 154)
[419, 752] (0.02863868183601412 146)
[676, 720] (0.026677128285602196 136)
[720, 982] (0.02020400156924284 103)
[438, 494] (0.03373872106708513 172)
[46, 368] (0.026677128285602196 136)
[68, 110] (0.02177324440957238 111)
[720, 956] (0.02157708905453119 110)
[12, 450] (0.02236171047469596 114)
[140, 541] (0.02608866222047862 133)
[110, 585] (0.02098862298940761 107)
[438, 480] (0.023538642604943115 120)
[46, 354] (0.023538642604943115 120)
[438, 489] (0.047665751275009806 243)
[283, 419] (0.02863868183601412 146)
[687, 694] (0.02255786582973715 115)
[283, 413] (0.02098862298940761 107)
[419, 775] (0.022950176539819536 117)
[265, 368] (0.025696351510396235 131)
[366, 529] (0.020596312279325225 105)
[529, 862] (0.0345233424872499 176)
[204, 541] (0.024911730090231465 127)
[110, 676] (0.02706943899568458 138)
[381, 914] (0.0239309533150255 122)
[419, 720] (0.03844644958807376 196)
[692, 914] (0.03079639074146724 157)
[529, 854] (0.0372695174578266 190)
[419, 722] (0.03511180855237348 179)
[614, 766] (0.028246371125931737 144)
[145, 752] (0.021969399764613574 112)
[316, 345] (0.02098862298940761 107)
[862, 956] (0.020400156924284034 104)
[529, 844] (0.02451941938014908 125)
[694, 775] (0.02471557473519027 126)
[234, 368] (0.021380933699489995 109)
[529, 886] (0.027461749705766966 140)
[438, 510] (0.044527265594350725 227)
[205, 283] (0.020596312279325225 105)
[529, 888] (0.021184778344448804 108)
[529, 883] (0.05001961553550412 255)
[115, 205] (0.02020400156924284 103)
[529, 885] (0.021969399764613574 112)
[140, 438] (0.021969399764613574 112)
[145, 795] (0.024911730090231465 127)
[694, 766] (0.021380933699489995 109)
[820, 829] (0.02157708905453119 110)
[145, 797] (0.020400156924284034 104)
[529, 878] (0.021184778344448804 108)
[692, 937] (0.03354256571204394 171)
[120, 362] (0.02314633189486073 118)
[438, 529] (0.050411926245586505 257)
[752, 982] (0.026677128285602196 136)
[120, 368] (0.04864652805021577 248)
[674, 712] (0.02020400156924284 103)
[110, 682] (0.03001176932130247 153)
[362, 611] (0.02550019615535504 130)
[692, 947] (0.02020400156924284 103)
[487, 510] (0.0239309533150255 122)
[694, 752] (0.022754021184778345 116)
[151, 183] (0.02177324440957238 111)
[438, 538] (0.02157708905453119 110)
[118, 529] (0.020596312279325225 105)
[145, 720] (0.024323264025107885 124)
[145, 722] (0.022165555119654765 113)
[72, 368] (0.03295409964692036 168)
[692, 956] (0.028834837191055316 147)
[477, 676] (0.02608866222047862 133)
[205, 266] (0.02079246763436642 106)
[752, 937] (0.02550019615535504 130)
[529, 819] (0.02844252648097293 145)
[766, 919] (0.02314633189486073 118)
[766, 914] (0.031188701451549627 159)
[279, 682] (0.02098862298940761 107)
[809, 829] (0.02628481757551981 134)
[529, 800] (0.024127108670066694 123)
[438, 541] (0.02000784621420165 102)
[529, 804] (0.026480972930561005 135)
[675, 914] (0.02157708905453119 110)
[381, 947] (0.020596312279325225 105)
[529, 809] (0.022754021184778345 116)
[862, 981] (0.02020400156924284 103)
[220, 854] (0.02020400156924284 103)
[140, 489] (0.02079246763436642 106)
[403, 529] (0.024323264025107885 124)
[752, 956] (0.02000784621420165 102)
[161, 897] (0.024911730090231465 127)
[316, 368] (0.02471557473519027 126)
[145, 736] (0.021184778344448804 108)
[692, 982] (0.02098862298940761 107)
[118, 526] (0.02000784621420165 102)
[676, 692] (0.026677128285602196 136)
[529, 829] (0.052765790506080816 269)
[529, 826] (0.02314633189486073 118)
[122, 368] (0.02236171047469596 114)
[129, 368] (0.02000784621420165 102)
[766, 966] (0.02471557473519027 126)
[354, 937] (0.021184778344448804 108)
[275, 368] (0.02020400156924284 103)
[198, 682] (0.020400156924284034 104)
[132, 766] (0.02177324440957238 111)
[346, 541] (0.02255786582973715 115)
[766, 956] (0.028834837191055316 147)
[276, 529] (0.02608866222047862 133)
[350, 529] (0.024127108670066694 123)
[314, 744] (0.02451941938014908 125)
[177, 914] (0.02255786582973715 115)
[876, 966] (0.02373479795998431 121)
[346, 510] (0.02687328364064339 137)
[354, 956] (0.026480972930561005 135)
[196, 682] (0.02236171047469596 114)
[675, 937] (0.02844252648097293 145)
[876, 989] (0.021184778344448804 108)
[684, 720] (0.021184778344448804 108)
[362, 692] (0.021380933699489995 109)
[766, 937] (0.026677128285602196 136)
[294, 676] (0.020400156924284034 104)
[229, 720] (0.02079246763436642 106)
[151, 177] (0.02177324440957238 111)
[362, 682] (0.0319733228717144 163)
[862, 914] (0.02706943899568458 138)
[413, 682] (0.02177324440957238 111)
[529, 890] (0.02785406041584935 142)
[362, 676] (0.02471557473519027 126)
[266, 692] (0.0239309533150255 122)
[883, 982] (0.024323264025107885 124)
[529, 895] (0.03432718713220871 175)
[217, 692] (0.03079639074146724 157)
[529, 897] (0.031188701451549627 159)
[354, 989] (0.021969399764613574 112)
[217, 684] (0.02000784621420165 102)
[177, 956] (0.02020400156924284 103)
[766, 998] (0.02530404080031385 129)
[204, 510] (0.02471557473519027 126)
[294, 611] (0.0239309533150255 122)
[694, 722] (0.023538642604943115 120)
[362, 663] (0.02236171047469596 114)
[217, 682] (0.03668105139270302 187)
[204, 529] (0.025892506865437426 132)
[217, 676] (0.02628481757551981 134)
[217, 675] (0.0292271479011377 149)
[176, 368] (0.02451941938014908 125)
[8, 914] (0.025107885445272655 128)
[684, 766] (0.02373479795998431 121)
[883, 966] (0.02373479795998431 121)
[8, 919] (0.02157708905453119 110)
[829, 897] (0.03805413887799137 194)
[829, 895] (0.037073362102785404 189)
[8, 937] (0.023538642604943115 120)
[720, 862] (0.023538642604943115 120)
[829, 893] (0.020596312279325225 105)
[346, 489] (0.02255786582973715 115)
[368, 992] (0.024127108670066694 123)
[192, 529] (0.024127108670066694 123)
[509, 900] (0.02334248724990192 119)
[720, 883] (0.028246371125931737 144)
[900, 966] (0.02334248724990192 119)
[675, 886] (0.020596312279325225 105)
[720, 886] (0.02000784621420165 102)
[766, 895] (0.024911730090231465 127)
[720, 895] (0.026677128285602196 136)
[766, 893] (0.026677128285602196 136)
[766, 890] (0.02255786582973715 115)
[494, 529] (0.020400156924284034 104)
[766, 897] (0.025696351510396235 131)
[345, 529] (0.022950176539819536 117)
[55, 71] (0.024323264025107885 124)
[720, 897] (0.029030992546096507 148)
[494, 510] (0.022950176539819536 117)
[319, 368] (0.02079246763436642 106)
[8, 956] (0.022754021184778345 116)
[641, 829] (0.021184778344448804 108)
[829, 854] (0.02098862298940761 107)
[368, 967] (0.021969399764613574 112)
[8, 982] (0.021969399764613574 112)
[368, 966] (0.03216947822675559 164)
[236, 937] (0.020596312279325225 105)
[217, 614] (0.02373479795998431 121)
[12, 510] (0.03079639074146724 157)
[450, 720] (0.02098862298940761 107)
[27, 71] (0.020400156924284034 104)
[829, 862] (0.03236563358179678 165)
[368, 956] (0.042958022754021184 219)
[368, 952] (0.025892506865437426 132)
[55, 529] (0.02844252648097293 145)
[339, 829] (0.02314633189486073 118)
[346, 438] (0.02451941938014908 125)
[55, 510] (0.03923107100823853 200)
[368, 983] (0.026480972930561005 135)
[368, 982] (0.03275794429187917 167)
[368, 989] (0.02157708905453119 110)
[829, 885] (0.022754021184778345 116)
[829, 886] (0.0372695174578266 190)
[829, 883] (0.03413103177716752 174)
[28, 529] (0.021380933699489995 109)
[368, 972] (0.021184778344448804 108)
[522, 682] (0.02471557473519027 126)
[829, 890] (0.030992546096508436 158)
[450, 752] (0.022950176539819536 117)
[373, 883] (0.02255786582973715 115)
[368, 921] (0.02471557473519027 126)
[120, 438] (0.03354256571204394 171)
[373, 886] (0.022754021184778345 116)
[283, 510] (0.03903491565319733 199)
[419, 694] (0.028050215770890546 143)
[368, 918] (0.03883876029815614 198)
[419, 692] (0.030404080031384857 155)
[368, 919] (0.03001176932130247 153)
[93, 541] (0.023538642604943115 120)
[368, 914] (0.05413887799136916 276)
[21, 72] (0.02628481757551981 134)
[78, 829] (0.024127108670066694 123)
[368, 913] (0.03334641035700275 170)
[509, 989] (0.02550019615535504 130)
[339, 876] (0.020400156924284034 104)
[161, 883] (0.02530404080031385 129)
[419, 682] (0.03471949784229109 177)
[795, 956] (0.025107885445272655 128)
[450, 766] (0.03334641035700275 170)
[529, 914] (0.03903491565319733 199)
[368, 947] (0.02863868183601412 146)
[529, 913] (0.024127108670066694 123)
[205, 217] (0.03413103177716752 174)
[368, 949] (0.020596312279325225 105)
[529, 918] (0.02550019615535504 130)
[120, 419] (0.03001176932130247 153)
[69, 937] (0.020596312279325225 105)
[112, 368] (0.03001176932130247 153)
[283, 541] (0.021380933699489995 109)
[598, 989] (0.023538642604943115 120)
[419, 675] (0.028834837191055316 147)
[419, 676] (0.03138485680659082 160)
[862, 883] (0.02451941938014908 125)
[480, 956] (0.02373479795998431 121)
[529, 919] (0.028834837191055316 147)
[419, 674] (0.02334248724990192 119)
[70, 368] (0.028834837191055316 147)
[438, 597] (0.02000784621420165 102)
[205, 207] (0.021969399764613574 112)
[73, 720] (0.02550019615535504 130)
[12, 529] (0.030992546096508436 158)
[438, 593] (0.02020400156924284 103)
[368, 937] (0.0559042761867399 285)
[93, 529] (0.026677128285602196 136)
[419, 663] (0.02177324440957238 111)
[480, 966] (0.022950176539819536 117)
[509, 966] (0.025892506865437426 132)
[283, 529] (0.0398195370733621 203)
[377, 494] (0.02020400156924284 103)
[145, 706] (0.02451941938014908 125)
[720, 829] (0.03432718713220871 175)
[480, 937] (0.022754021184778345 116)
[51, 489] (0.02334248724990192 119)
[21, 283] (0.02177324440957238 111)
[316, 438] (0.028050215770890546 143)
[900, 989] (0.02334248724990192 119)
[377, 419] (0.02079246763436642 106)
[598, 966] (0.028834837191055316 147)
[377, 438] (0.027265594350725775 139)
[192, 368] (0.02020400156924284 103)
[140, 419] (0.03158101216163201 161)
[120, 489] (0.02236171047469596 114)
[120, 487] (0.02255786582973715 115)
[373, 829] (0.02334248724990192 119)
[316, 419] (0.021969399764613574 112)
[480, 914] (0.02255786582973715 115)
[27, 956] (0.020400156924284034 104)
[480, 918] (0.021380933699489995 109)
[283, 581] (0.022754021184778345 116)
[368, 904] (0.02157708905453119 110)
[419, 634] (0.020596312279325225 105)
[161, 829] (0.03393487642212632 173)
[854, 883] (0.020596312279325225 105)
[39, 368] (0.02765790506080816 141)
[424, 956] (0.022950176539819536 117)
[368, 692, 829] (0.02020400156924284 103)
[217, 368, 529] (0.02157708905453119 110)
[368, 529, 692] (0.02785406041584935 142)
[368, 675, 682] (0.02000784621420165 102)
[368, 529, 829] (0.02157708905453119 110)
[205, 509, 966] (0.020400156924284034 104)
[368, 489, 682] (0.02314633189486073 118)
[339, 598, 966] (0.020400156924284034 104)
[198, 368, 937] (0.024127108670066694 123)
