[1] (0.0656926952141058 652)
[2] (0.053702770780856425 533)
[3] (0.03969773299748111 394)
[4] (0.060453400503778336 600)
[5] (0.03183879093198992 316)
[6] (0.03214105793450882 319)
[8] (0.1459949622166247 1449)
[10] (0.03355163727959698 333)
[12] (0.1352141057934509 1342)
[15] (0.0253904282115869 252)
[16] (0.020856423173803526 207)
[17] (0.058438287153652395 580)
[18] (0.026700251889168764 265)
[21] (0.09198992443324937 913)
[22] (0.03526448362720403 350)
[24] (0.04654911838790932 462)
[25] (0.08916876574307304 885)
[26] (0.0473551637279597 470)
[27] (0.07566750629722922 751)
[28] (0.059848866498740556 594)
[31] (0.09279596977329975 921)
[32] (0.10619647355163728 1054)
[33] (0.045239294710327456 449)
[35] (0.06760705289672544 671)
[36] (0.020856423173803526 207)
[38] (0.07738035264483627 768)
[39] (0.07848866498740555 779)
[41] (0.03697732997481108 367)
[43] (0.08413098236775819 835)
[44] (0.03314861460957179 329)
[45] (0.07556675062972293 750)
[46] (0.09007556675062972 894)
[48] (0.07919395465994962 786)
[49] (0.020957178841309824 208)
[51] (0.07828715365239294 777)
[52] (0.027808564231738036 276)
[53] (0.06025188916876574 598)
[54] (0.09007556675062972 894)
[55] (0.130176322418136 1292)
[57] (0.04594458438287154 456)
[58] (0.053299748110831234 529)
[59] (0.022065491183879092 219)
[64] (0.02075566750629723 206)
[66] (0.020856423173803526 207)
[68] (0.05521410579345088 548)
[69] (0.0835264483627204 829)
[70] (0.11052896725440806 1097)
[71] (0.12926952141057935 1283)
[72] (0.11365239294710328 1128)
[73] (0.10045340050377834 997)
[74] (0.03062972292191436 304)
[75] (0.03828715365239295 380)
[77] (0.023879093198992445 237)
[78] (0.07899244332493703 784)
[82] (0.06952141057934509 690)
[85] (0.0581360201511335 577)
[86] (0.02397984886649874 238)
[88] (0.04221662468513854 419)
[89] (0.0398992443324937 396)
[90] (0.025994962216624687 258)
[93] (0.09239294710327456 917)
[95] (0.025692695214105794 255)
[96] (0.04292191435768262 426)
[97] (0.07224181360201512 717)
[98] (0.02801007556675063 278)
[100] (0.062468513853904284 620)
[102] (0.03738035264483627 371)
[104] (0.05924433249370277 588)
[105] (0.031032745591939546 308)
[108] (0.035365239294710325 351)
[110] (0.12564231738035264 1247)
[111] (0.06609571788413099 656)
[112] (0.10307304785894207 1023)
[114] (0.055012594458438285 546)
[115] (0.1054911838790932 1047)
[116] (0.06599496221662468 655)
[117] (0.03687657430730479 366)
[118] (0.07345088161209068 729)
[120] (0.1347103274559194 1337)
[121] (0.02136020151133501 212)
[122] (0.08090680100755668 803)
[125] (0.05924433249370277 588)
[126] (0.022267002518891688 221)
[127] (0.0546095717884131 542)
[128] (0.021763224181360202 216)
[129] (0.06861460957178842 681)
[130] (0.07093198992443325 704)
[132] (0.09209068010075566 914)
[136] (0.024282115869017632 241)
[137] (0.029017632241813602 288)
[138] (0.040806045340050376 405)
[140] (0.13178841309823677 1308)
[141] (0.052292191435768264 519)
[142] (0.05128463476070529 509)
[143] (0.043123425692695214 428)
[145] (0.1526448362720403 1515)
[146] (0.029622166246851385 294)
[147] (0.03163727959697733 314)
[151] (0.11536523929471033 1145)
[154] (0.04816120906801007 478)
[155] (0.06095717884130982 605)
[157] (0.040503778337531486 402)
[158] (0.048866498740554154 485)
[159] (0.05793450881612091 575)
[160] (0.026297229219143577 261)
[161] (0.11909319899244332 1182)
[162] (0.048967254408060455 486)
[163] (0.03153652392947103 313)
[165] (0.045239294710327456 449)
[168] (0.06831234256926952 678)
[170] (0.020957178841309824 208)
[171] (0.059748110831234255 593)
[172] (0.04221662468513854 419)
[173] (0.030428211586901763 302)
[175] (0.072544080604534 720)
[176] (0.047556675062972294 472)
[177] (0.13773299748110832 1367)
[180] (0.046246851385390426 459)
[181] (0.037783375314861464 375)
[182] (0.021763224181360202 216)
[183] (0.10045340050377834 997)
[185] (0.04846347607052897 481)
[186] (0.027506297229219143 273)
[187] (0.04100755667506297 407)
[192] (0.07889168765743074 783)
[193] (0.0363727959697733 361)
[194] (0.037078085642317384 368)
[196] (0.09309823677581865 924)
[197] (0.07486146095717884 743)
[198] (0.09521410579345088 945)
[201] (0.04463476070528967 443)
[203] (0.028816120906801006 286)
[204] (0.12926952141057935 1283)
[205] (0.17198992443324937 1707)
[207] (0.08120906801007556 806)
[208] (0.03959697732997481 393)
[209] (0.023879093198992445 237)
[210] (0.044231738035264485 439)
[212] (0.04110831234256927 408)
[214] (0.025491183879093198 253)
[215] (0.03748110831234257 372)
[216] (0.03173803526448363 315)
[217] (0.19526448362720403 1938)
[220] (0.07022670025188917 697)
[222] (0.025591939546599496 254)
[223] (0.025692695214105794 255)
[224] (0.03486146095717884 346)
[226] (0.038790931989924435 385)
[227] (0.06821158690176322 677)
[229] (0.09410579345088162 934)
[230] (0.024584382871536525 244)
[234] (0.07183879093198993 713)
[236] (0.1126448362720403 1118)
[239] (0.09944584382871537 987)
[240] (0.03455919395465995 343)
[242] (0.0797984886649874 792)
[243] (0.03163727959697733 314)
[249] (0.034760705289672546 345)
[254] (0.04534005037783375 450)
[256] (0.033350125944584384 331)
[258] (0.06589420654911839 654)
[259] (0.06488664987405542 644)
[263] (0.03214105793450882 319)
[265] (0.05188916876574307 515)
[266] (0.09622166246851385 955)
[268] (0.03566750629722922 354)
[270] (0.022670025188916875 225)
[272] (0.03012594458438287 299)
[273] (0.029219143576826197 290)
[274] (0.05894206549118388 585)
[275] (0.06609571788413099 656)
[276] (0.09722921914357682 965)
[278] (0.024483627204030228 243)
[279] (0.11486146095717883 1140)
[280] (0.09269521410579346 920)
[283] (0.13954659949622167 1385)
[285] (0.04070528967254408 404)
[290] (0.05924433249370277 588)
[294] (0.12070528967254408 1198)
[296] (0.059042821158690174 586)
[298] (0.05178841309823678 514)
[299] (0.042518891687657434 422)
[300] (0.05350125944584383 531)
[304] (0.04322418136020151 429)
[307] (0.0327455919395466 325)
[308] (0.05481108312342569 544)
[309] (0.02216624685138539 220)
[310] (0.0617632241813602 613)
[311] (0.02357682619647355 234)
[314] (0.03667506297229219 364)
[316] (0.1017632241813602 1010)
[318] (0.02982367758186398 296)
[319] (0.07183879093198993 713)
[320] (0.028916876574307304 287)
[321] (0.049269521410579345 489)
[322] (0.0694206549118388 689)
[326] (0.09118387909319899 905)
[327] (0.02468513853904282 245)
[328] (0.038387909319899244 381)
[329] (0.02287153652392947 227)
[332] (0.03355163727959698 333)
[333] (0.024080604534005037 239)
[334] (0.07778337531486146 772)
[335] (0.04191435768261965 416)
[336] (0.03566750629722922 354)
[338] (0.04 397)
[339] (0.08191435768261965 813)
[343] (0.06659949622166247 661)
[345] (0.05551637279596977 551)
[346] (0.09984886649874056 991)
[347] (0.060151133501259446 597)
[348] (0.05994962216624685 595)
[349] (0.07143576826196474 709)
[350] (0.09732997481108312 966)
[351] (0.07617128463476071 756)
[352] (0.04302267002518892 427)
[354] (0.12856423173803527 1276)
[355] (0.040503778337531486 402)
[357] (0.039496221662468516 392)
[358] (0.02619647355163728 260)
[361] (0.03153652392947103 313)
[362] (0.15234256926952142 1512)
[364] (0.039496221662468516 392)
[366] (0.059848866498740556 594)
[368] (0.2859445843828715 2838)
[369] (0.02115869017632242 210)
[371] (0.03062972292191436 304)
[373] (0.09853904282115869 978)
[374] (0.03324937027707808 330)
[375] (0.03768261964735516 374)
[376] (0.03012594458438287 299)
[377] (0.10700251889168766 1062)
[378] (0.031032745591939546 308)
[379] (0.024886649874055415 247)
[381] (0.11687657430730479 1160)
[383] (0.021763224181360202 216)
[385] (0.05581863979848867 554)
[387] (0.0616624685138539 612)
[388] (0.02045340050377834 203)
[390] (0.07405541561712846 735)
[392] (0.043828715365239294 435)
[394] (0.023476070528967254 233)
[395] (0.04977329974811083 494)
[397] (0.026700251889168764 265)
[400] (0.022367758186397985 222)
[401] (0.11939546599496222 1185)
[402] (0.025692695214105794 255)
[403] (0.05289672544080604 525)
[405] (0.07375314861460958 732)
[407] (0.028513853904282117 283)
[408] (0.0691183879093199 686)
[411] (0.06115869017632242 607)
[412] (0.058337531486146094 579)
[413] (0.12443324937027708 1235)
[414] (0.058438287153652395 580)
[415] (0.029017632241813602 288)
[417] (0.048866498740554154 485)
[418] (0.028614609571788414 284)
[419] (0.20654911838790932 2050)
[421] (0.04695214105793451 466)
[422] (0.04846347607052897 481)
[423] (0.03455919395465995 343)
[424] (0.06397984886649874 635)
[427] (0.10861460957178841 1078)
[428] (0.024584382871536525 244)
[430] (0.04604534005037783 457)
[432] (0.03516372795969773 349)
[436] (0.021561712846347607 214)
[437] (0.024282115869017632 241)
[438] (0.17632241813602015 1750)
[440] (0.06710327455919396 666)
[443] (0.052997481108312344 526)
[447] (0.03012594458438287 299)
[448] (0.021561712846347607 214)
[449] (0.049974811083123426 496)
[450] (0.13682619647355163 1358)
[453] (0.02508816120906801 249)
[456] (0.03556675062972292 353)
[458] (0.02871536523929471 285)
[459] (0.024282115869017632 241)
[460] (0.12050377833753148 1196)
[461] (0.04211586901763224 418)
[464] (0.03193954659949622 317)
[467] (0.06559193954659949 651)
[468] (0.050982367758186396 506)
[469] (0.03314861460957179 329)
[470] (0.12030226700251889 1194)
[471] (0.031234256926952142 310)
[472] (0.08554156171284635 849)
[474] (0.04685138539042821 465)
[477] (0.10730478589420656 1065)
[478] (0.023375314861460956 232)
[480] (0.13511335012594458 1341)
[481] (0.02287153652392947 227)
[482] (0.024987405541561713 248)
[484] (0.07838790931989924 778)
[486] (0.0398992443324937 396)
[487] (0.11153652392947103 1107)
[489] (0.18277078085642318 1814)
[490] (0.04403022670025189 437)
[492] (0.044937027707808566 446)
[494] (0.10166246851385391 1009)
[496] (0.04836272040302267 480)
[503] (0.021561712846347607 214)
[504] (0.031133501259445844 309)
[505] (0.05158690176322418 512)
[507] (0.04675062972292191 464)
[509] (0.0905793450881612 899)
[510] (0.20584382871536525 2043)
[511] (0.03748110831234257 372)
[512] (0.028211586901763223 280)
[513] (0.048967254408060455 486)
[515] (0.024483627204030228 243)
[516] (0.04916876574307305 488)
[517] (0.02831234256926952 281)
[521] (0.03012594458438287 299)
[522] (0.07889168765743074 783)
[523] (0.06327455919395467 628)
[525] (0.035062972292191436 348)
[526] (0.06770780856423174 672)
[527] (0.05420654911838791 538)
[528] (0.03526448362720403 350)
[529] (0.23375314861460958 2320)
[530] (0.030327455919395466 301)
[534] (0.03899244332493703 387)
[536] (0.037783375314861464 375)
[537] (0.04906801007556675 487)
[538] (0.11395465994962217 1131)
[540] (0.07536523929471033 748)
[541] (0.1271536523929471 1262)
[544] (0.038085642317380354 378)
[548] (0.0690176322418136 685)
[550] (0.06559193954659949 651)
[553] (0.035062972292191436 348)
[554] (0.08513853904282116 845)
[557] (0.02035264483627204 202)
[558] (0.037783375314861464 375)
[561] (0.09602015113350126 953)
[562] (0.03083123425692695 306)
[563] (0.03516372795969773 349)
[565] (0.02146095717884131 213)
[567] (0.06226700251889169 618)
[568] (0.04322418136020151 429)
[569] (0.054408060453400506 540)
[571] (0.09168765743073048 910)
[572] (0.06680100755667506 663)
[573] (0.08 794)
[574] (0.0617632241813602 613)
[575] (0.03889168765743073 386)
[576] (0.07465994962216625 741)
[577] (0.053602015113350124 532)
[578] (0.05531486146095718 549)
[579] (0.08513853904282116 845)
[580] (0.025491183879093198 253)
[581] (0.07738035264483627 768)
[583] (0.059143576826196476 587)
[585] (0.054710327455919396 543)
[588] (0.03828715365239295 380)
[592] (0.022267002518891688 221)
[593] (0.11073047858942066 1099)
[594] (0.044937027707808566 446)
[595] (0.02508816120906801 249)
[597] (0.1236272040302267 1227)
[598] (0.08282115869017632 822)
[600] (0.025491183879093198 253)
[601] (0.03204030226700252 318)
[602] (0.04392947103274559 436)
[605] (0.044130982367758184 438)
[606] (0.08614609571788413 855)
[608] (0.03052896725440806 303)
[611] (0.06226700251889169 618)
[612] (0.045541561712846346 452)
[614] (0.09370277078085643 930)
[617] (0.04060453400503778 403)
[618] (0.07204030226700252 715)
[620] (0.052292191435768264 519)
[622] (0.03415617128463476 339)
[623] (0.05269521410579345 523)
[624] (0.044836272040302265 445)
[625] (0.023073047858942066 229)
[628] (0.07193954659949622 714)
[629] (0.07425692695214106 737)
[630] (0.025591939546599496 254)
[631] (0.08947103274559194 888)
[633] (0.023173803526448364 230)
[634] (0.10277078085642317 1020)
[638] (0.05309823677581864 527)
[639] (0.06518891687657431 647)
[640] (0.045239294710327456 449)
[641] (0.058337531486146094 579)
[642] (0.03052896725440806 303)
[647] (0.042821158690176324 425)
[649] (0.04221662468513854 419)
[651] (0.03183879093198992 316)
[653] (0.05994962216624685 595)
[655] (0.042821158690176324 425)
[657] (0.04584382871536524 455)
[658] (0.07496221662468514 744)
[659] (0.04030226700251889 400)
[661] (0.09299748110831234 923)
[662] (0.027103274559193955 269)
[663] (0.1054911838790932 1047)
[665] (0.0434256926952141 431)
[666] (0.02760705289672544 274)
[671] (0.02397984886649874 238)
[673] (0.04 397)
[674] (0.10619647355163728 1054)
[675] (0.11657430730478589 1157)
[676] (0.12856423173803527 1276)
[678] (0.04141057934508816 411)
[680] (0.033652392947103274 334)
[681] (0.024886649874055415 247)
[682] (0.1706801007556675 1694)
[684] (0.08574307304785894 851)
[685] (0.022367758186397985 222)
[686] (0.07647355163727959 759)
[687] (0.08241813602015113 818)
[688] (0.03727959697732997 370)
[689] (0.04846347607052897 481)
[690] (0.05380352644836272 534)
[691] (0.02730478589420655 271)
[692] (0.16826196473551638 1670)
[694] (0.1269521410579345 1260)
[697] (0.03324937027707808 330)
[699] (0.02065491183879093 205)
[701] (0.06226700251889169 618)
[705] (0.0364735516372796 362)
[706] (0.10609571788413098 1053)
[707] (0.05763224181360201 572)
[710] (0.05763224181360201 572)
[711] (0.052292191435768264 519)
[712] (0.05692695214105793 565)
[715] (0.031032745591939546 308)
[716] (0.027808564231738036 276)
[718] (0.03052896725440806 303)
[719] (0.0471536523929471 468)
[720] (0.15133501259445845 1502)
[722] (0.16090680100755667 1597)
[723] (0.0291183879093199 289)
[725] (0.027103274559193955 269)
[730] (0.027506297229219143 273)
[731] (0.023375314861460956 232)
[732] (0.04261964735516373 423)
[733] (0.03717884130982368 369)
[735] (0.062468513853904284 620)
[736] (0.09158690176322418 909)
[738] (0.07465994962216625 741)
[740] (0.034357682619647355 341)
[741] (0.022267002518891688 221)
[742] (0.05702770780856423 566)
[744] (0.03727959697732997 370)
[745] (0.05148614609571788 511)
[746] (0.0836272040302267 830)
[749] (0.031133501259445844 309)
[750] (0.030025188916876576 298)
[752] (0.13481108312342568 1338)
[753] (0.030025188916876576 298)
[758] (0.08251889168765743 819)
[759] (0.021964735516372794 218)
[760] (0.02105793450881612 209)
[763] (0.062468513853904284 620)
[764] (0.024282115869017632 241)
[765] (0.025692695214105794 255)
[766] (0.19395465994962216 1925)
[769] (0.06811083123425693 676)
[771] (0.0473551637279597 470)
[774] (0.021763224181360202 216)
[775] (0.13591939546599496 1349)
[777] (0.026397984886649874 262)
[778] (0.07788413098236775 773)
[779] (0.025591939546599496 254)
[780] (0.05612090680100756 557)
[782] (0.06871536523929471 682)
[783] (0.021964735516372794 218)
[784] (0.07415617128463477 736)
[785] (0.09168765743073048 910)
[788] (0.05239294710327456 520)
[789] (0.06609571788413099 656)
[790] (0.044534005037783375 442)
[792] (0.06085642317380353 604)
[793] (0.06760705289672544 671)
[794] (0.035465994962216627 352)
[795] (0.11335012594458438 1125)
[797] (0.11143576826196473 1106)
[798] (0.05924433249370277 588)
[800] (0.09551637279596978 948)
[801] (0.033350125944584384 331)
[803] (0.055012594458438285 546)
[804] (0.08231738035264484 817)
[805] (0.04544080604534005 451)
[807] (0.038690176322418134 384)
[809] (0.10125944584382872 1005)
[811] (0.02609571788413098 259)
[812] (0.05722921914357683 568)
[813] (0.024987405541561713 248)
[814] (0.07455919395465994 740)
[815] (0.023375314861460956 232)
[817] (0.04322418136020151 429)
[819] (0.06710327455919396 666)
[820] (0.08070528967254408 801)
[821] (0.02045340050377834 203)
[824] (0.03183879093198992 316)
[825] (0.058337531486146094 579)
[826] (0.08070528967254408 801)
[828] (0.04836272040302267 480)
[829] (0.23002518891687657 2283)
[830] (0.03163727959697733 314)
[831] (0.03959697732997481 393)
[832] (0.028513853904282117 283)
[833] (0.05743073047858942 570)
[834] (0.031133501259445844 309)
[835] (0.042518891687657434 422)
[837] (0.02045340050377834 203)
[839] (0.026700251889168764 265)
[841] (0.0653904282115869 649)
[843] (0.0473551637279597 470)
[844] (0.0728463476070529 723)
[846] (0.031335012594458436 311)
[852] (0.022065491183879092 219)
[853] (0.03385390428211587 336)
[854] (0.10649874055415617 1057)
[855] (0.04392947103274559 436)
[857] (0.03455919395465995 343)
[858] (0.026397984886649874 262)
[859] (0.027506297229219143 273)
[860] (0.04463476070528967 443)
[862] (0.12120906801007557 1203)
[867] (0.06478589420654912 643)
[868] (0.024785894206549117 246)
[869] (0.027405541561712845 272)
[871] (0.05561712846347607 552)
[874] (0.05057934508816121 502)
[876] (0.05017632241813602 498)
[878] (0.06448362720403022 640)
[879] (0.02982367758186398 296)
[881] (0.02801007556675063 278)
[883] (0.16080604534005039 1596)
[884] (0.04987405541561713 495)
[885] (0.0983375314861461 976)
[886] (0.10508816120906801 1043)
[887] (0.05279596977329975 524)
[888] (0.08201511335012594 814)
[890] (0.12523929471032746 1243)
[893] (0.10136020151133501 1006)
[895] (0.14710327455919395 1460)
[896] (0.03193954659949622 317)
[897] (0.14710327455919395 1460)
[899] (0.05037783375314862 500)
[900] (0.07022670025188917 697)
[902] (0.02518891687657431 250)
[904] (0.04070528967254408 404)
[905] (0.03052896725440806 303)
[906] (0.023778337531486147 236)
[910] (0.06478589420654912 643)
[911] (0.044534005037783375 442)
[912] (0.038085642317380354 378)
[913] (0.09138539042821159 907)
[914] (0.1746095717884131 1733)
[915] (0.03224181360201511 320)
[918] (0.1127455919395466 1119)
[919] (0.11858942065491183 1177)
[921] (0.06710327455919396 666)
[922] (0.03415617128463476 339)
[923] (0.031335012594458436 311)
[925] (0.0328463476070529 326)
[926] (0.021964735516372794 218)
[928] (0.05047858942065491 501)
[930] (0.02065491183879093 205)
[932] (0.043828715365239294 435)
[933] (0.03425692695214106 340)
[934] (0.033652392947103274 334)
[935] (0.024282115869017632 241)
[937] (0.16010075566750628 1589)
[938] (0.07083123425692696 703)
[939] (0.02367758186397985 235)
[940] (0.03355163727959698 333)
[941] (0.05118387909319899 508)
[943] (0.04030226700251889 400)
[944] (0.0868513853904282 862)
[946] (0.06236775818639798 619)
[947] (0.08251889168765743 819)
[948] (0.04574307304785894 454)
[949] (0.08292191435768262 823)
[950] (0.02105793450881612 209)
[952] (0.07778337531486146 772)
[956] (0.1638287153652393 1626)
[960] (0.037783375314861464 375)
[961] (0.02367758186397985 235)
[962] (0.02942065491183879 292)
[963] (0.033350125944584384 331)
[964] (0.03788413098236776 376)
[966] (0.13511335012594458 1341)
[967] (0.08493702770780856 843)
[968] (0.06105793450881612 606)
[970] (0.04292191435768262 426)
[972] (0.049269521410579345 489)
[975] (0.059848866498740556 594)
[978] (0.027909319899244334 277)
[980] (0.035465994962216627 352)
[981] (0.06559193954659949 651)
[982] (0.11758186397984886 1167)
[983] (0.058740554156171285 583)
[984] (0.0766750629722922 761)
[988] (0.04070528967254408 404)
[989] (0.08594458438287153 853)
[991] (0.05934508816120907 589)
[992] (0.08120906801007556 806)
[998] (0.07193954659949622 714)
[45, 368] (0.020856423173803526 207)
[489, 966] (0.029319899244332495 291)
[55, 952] (0.020554156171284636 204)
[487, 829] (0.033350125944584384 331)
[829, 919] (0.024886649874055415 247)
[72, 419] (0.02287153652392947 227)
[829, 913] (0.025289672544080606 251)
[829, 914] (0.0363727959697733 361)
[205, 576] (0.023173803526448364 230)
[829, 918] (0.02589420654911839 257)
[73, 829] (0.021662468513853905 215)
[529, 538] (0.030428211586901763 302)
[198, 766] (0.021964735516372794 218)
[510, 937] (0.04211586901763224 418)
[914, 966] (0.032644836272040303 324)
[72, 427] (0.021763224181360202 216)
[266, 529] (0.03012594458438287 299)
[829, 900] (0.02297229219143577 228)
[349, 368] (0.020554156171284636 204)
[242, 694] (0.023375314861460956 232)
[472, 966] (0.020957178841309824 208)
[829, 937] (0.03445843828715365 342)
[829, 938] (0.02146095717884131 213)
[510, 914] (0.03214105793450882 319)
[510, 919] (0.02035264483627204 202)
[510, 918] (0.02256926952141058 224)
[489, 956] (0.042518891687657434 422)
[217, 319] (0.020856423173803526 207)
[217, 316] (0.02256926952141058 224)
[487, 862] (0.020957178841309824 208)
[829, 956] (0.03858942065491184 383)
[266, 571] (0.023073047858942066 229)
[529, 571] (0.029219143576826197 290)
[829, 947] (0.02327455919395466 231)
[217, 339] (0.024987405541561713 248)
[316, 682] (0.021561712846347607 214)
[914, 956] (0.03012594458438287 299)
[529, 541] (0.032342569269521414 321)
[883, 897] (0.021561712846347607 214)
[205, 598] (0.026297229219143577 261)
[205, 593] (0.030327455919395466 301)
[217, 346] (0.022770780856423173 226)
[883, 895] (0.02136020151133501 212)
[220, 480] (0.020251889168765743 201)
[883, 893] (0.029319899244332495 291)
[489, 982] (0.027506297229219143 273)
[785, 829] (0.02045340050377834 203)
[217, 354] (0.021763224181360202 216)
[829, 966] (0.03314861460957179 329)
[207, 829] (0.022770780856423173 226)
[132, 883] (0.02146095717884131 213)
[914, 937] (0.02841309823677582 282)
[414, 529] (0.023173803526448364 230)
[217, 368] (0.06105793450881612 606)
[239, 775] (0.020050377833753148 199)
[217, 362] (0.02579345088161209 256)
[51, 510] (0.020050377833753148 199)
[204, 489] (0.020856423173803526 207)
[829, 992] (0.02256926952141058 224)
[151, 489] (0.02045340050377834 203)
[354, 692] (0.023879093198992445 237)
[354, 694] (0.0327455919395466 325)
[145, 883] (0.024080604534005037 239)
[54, 217] (0.020151133501259445 200)
[25, 368] (0.0327455919395466 325)
[217, 377] (0.02438287153652393 242)
[151, 470] (0.02035264483627204 202)
[829, 982] (0.027909319899244334 277)
[694, 914] (0.02468513853904282 245)
[829, 984] (0.021763224181360202 216)
[354, 682] (0.024282115869017632 241)
[236, 706] (0.02115869017632242 210)
[362, 722] (0.029722921914357683 295)
[362, 720] (0.02609571788413098 259)
[427, 682] (0.031133501259445844 309)
[354, 686] (0.022468513853904283 223)
[349, 829] (0.020251889168765743 201)
[217, 387] (0.02136020151133501 212)
[217, 381] (0.021662468513853905 215)
[43, 368] (0.034357682619647355 341)
[43, 362] (0.02075566750629723 206)
[283, 722] (0.02287153652392947 227)
[283, 720] (0.02065491183879093 205)
[354, 661] (0.023476070528967254 233)
[55, 914] (0.02397984886649874 238)
[489, 918] (0.02256926952141058 224)
[489, 919] (0.020251889168765743 201)
[427, 663] (0.021763224181360202 216)
[368, 606] (0.02589420654911839 257)
[205, 529] (0.038790931989924435 385)
[579, 829] (0.02256926952141058 224)
[368, 614] (0.02609571788413098 259)
[470, 510] (0.02579345088161209 256)
[93, 829] (0.02397984886649874 238)
[205, 544] (0.02065491183879093 205)
[362, 752] (0.0218639798488665 217)
[132, 829] (0.03214105793450882 319)
[8, 597] (0.02065491183879093 205)
[489, 937] (0.025994962216624687 258)
[266, 510] (0.022267002518891688 221)
[368, 628] (0.020050377833753148 199)
[145, 895] (0.020050377833753148 199)
[368, 629] (0.022267002518891688 221)
[204, 419] (0.030730478589420653 305)
[205, 510] (0.03566750629722922 354)
[362, 766] (0.024886649874055415 247)
[151, 419] (0.02579345088161209 256)
[470, 541] (0.020957178841309824 208)
[541, 766] (0.02579345088161209 256)
[675, 692] (0.02115869017632242 210)
[145, 886] (0.02075566750629723 206)
[205, 509] (0.03828715365239295 380)
[85, 682] (0.021259445843828717 211)
[368, 620] (0.021662468513853905 215)
[183, 829] (0.02730478589420655 271)
[368, 634] (0.027103274559193955 269)
[368, 639] (0.023173803526448364 230)
[362, 775] (0.0218639798488665 217)
[675, 682] (0.03193954659949622 317)
[470, 529] (0.035465994962216627 352)
[368, 631] (0.023879093198992445 237)
[489, 914] (0.02619647355163728 260)
[368, 653] (0.020554156171284636 204)
[32, 72] (0.02035264483627204 202)
[8, 682] (0.021561712846347607 214)
[722, 752] (0.021662468513853905 215)
[538, 572] (0.02136020151133501 212)
[339, 509] (0.021561712846347607 214)
[21, 692] (0.02619647355163728 260)
[196, 829] (0.0218639798488665 217)
[110, 347] (0.02045340050377834 203)
[692, 766] (0.031335012594458436 311)
[368, 658] (0.0291183879093199 289)
[71, 279] (0.02115869017632242 210)
[8, 692] (0.03355163727959698 333)
[236, 766] (0.023173803526448364 230)
[12, 692] (0.02146095717884131 213)
[368, 641] (0.02579345088161209 256)
[692, 752] (0.02438287153652393 242)
[21, 682] (0.02256926952141058 224)
[401, 529] (0.026297229219143577 261)
[71, 283] (0.02619647355163728 260)
[368, 676] (0.03345088161209068 332)
[368, 674] (0.027204030226700253 270)
[120, 937] (0.020251889168765743 201)
[368, 675] (0.039093198992443325 388)
[239, 829] (0.020554156171284636 204)
[183, 720] (0.02105793450881612 209)
[43, 419] (0.021259445843828717 211)
[401, 510] (0.021763224181360202 216)
[110, 326] (0.020050377833753148 199)
[115, 419] (0.026700251889168764 265)
[283, 682] (0.026801007556675062 266)
[368, 663] (0.03214105793450882 319)
[368, 665] (0.021964735516372794 218)
[368, 661] (0.03345088161209068 332)
[438, 606] (0.0253904282115869 252)
[283, 692] (0.027506297229219143 273)
[509, 692] (0.023778337531486147 236)
[346, 606] (0.022267002518891688 221)
[470, 631] (0.02136020151133501 212)
[351, 438] (0.023073047858942066 229)
[8, 676] (0.020856423173803526 207)
[283, 694] (0.020151133501259445 200)
[43, 438] (0.020957178841309824 208)
[694, 829] (0.024080604534005037 239)
[368, 692] (0.05712846347607053 567)
[368, 690] (0.025491183879093198 253)
[177, 682] (0.02367758186397985 235)
[368, 694] (0.033047858942065494 328)
[120, 914] (0.028110831234256926 279)
[368, 682] (0.057732997481108314 573)
[692, 797] (0.020957178841309824 208)
[368, 684] (0.022770780856423173 226)
[368, 687] (0.024785894206549117 246)
[368, 686] (0.023879093198992445 237)
[676, 956] (0.022267002518891688 221)
[283, 676] (0.027103274559193955 269)
[145, 829] (0.030428211586901763 302)
[204, 368] (0.03586901763224181 356)
[12, 686] (0.027002518891687657 268)
[229, 529] (0.028916876574307304 287)
[204, 362] (0.027002518891687657 268)
[12, 682] (0.02146095717884131 213)
[110, 368] (0.035768261964735516 355)
[183, 766] (0.029924433249370278 297)
[140, 766] (0.03012594458438287 299)
[663, 694] (0.021259445843828717 211)
[279, 529] (0.024886649874055415 247)
[412, 480] (0.02619647355163728 260)
[692, 775] (0.028110831234256926 279)
[294, 919] (0.02216624685138539 220)
[661, 829] (0.029017632241813602 288)
[294, 914] (0.020856423173803526 207)
[279, 510] (0.022065491183879092 219)
[183, 775] (0.021964735516372794 218)
[275, 489] (0.02065491183879093 205)
[579, 766] (0.023375314861460956 232)
[46, 510] (0.02146095717884131 213)
[438, 676] (0.020856423173803526 207)
[140, 706] (0.02065491183879093 205)
[438, 675] (0.02065491183879093 205)
[55, 890] (0.02216624685138539 220)
[494, 682] (0.02045340050377834 203)
[484, 674] (0.020050377833753148 199)
[785, 918] (0.02146095717884131 213)
[676, 914] (0.02146095717884131 213)
[177, 634] (0.021662468513853905 215)
[494, 692] (0.020050377833753148 199)
[634, 829] (0.028513853904282117 283)
[484, 682] (0.0218639798488665 217)
[529, 593] (0.02297229219143577 228)
[140, 720] (0.02105793450881612 209)
[438, 694] (0.02397984886649874 238)
[438, 692] (0.02942065491183879 292)
[72, 489] (0.0218639798488665 217)
[611, 752] (0.023778337531486147 236)
[494, 661] (0.02468513853904282 245)
[529, 597] (0.029622166246851385 294)
[529, 598] (0.023073047858942066 229)
[438, 682] (0.02619647355163728 260)
[510, 982] (0.023173803526448364 230)
[676, 937] (0.021259445843828717 211)
[175, 752] (0.022670025188916875 225)
[72, 484] (0.026801007556675062 266)
[686, 766] (0.021662468513853905 215)
[509, 618] (0.026397984886649874 262)
[280, 766] (0.025994962216624687 258)
[692, 722] (0.027103274559193955 269)
[31, 368] (0.02609571788413098 259)
[692, 720] (0.02045340050377834 203)
[722, 797] (0.021662468513853905 215)
[722, 795] (0.026297229219143577 261)
[966, 989] (0.026397984886649874 262)
[438, 634] (0.020856423173803526 207)
[883, 919] (0.028614609571788414 284)
[883, 914] (0.024080604534005037 239)
[32, 829] (0.025491183879093198 253)
[510, 966] (0.023778337531486147 236)
[71, 239] (0.02357682619647355 234)
[694, 883] (0.02115869017632242 210)
[692, 706] (0.020151133501259445 200)
[510, 956] (0.0291183879093199 289)
[71, 205] (0.023375314861460956 232)
[510, 952] (0.024282115869017632 241)
[722, 778] (0.020251889168765743 201)
[883, 956] (0.026700251889168764 265)
[722, 775] (0.02327455919395466 231)
[883, 937] (0.022267002518891688 221)
[694, 897] (0.02518891687657431 250)
[72, 438] (0.022367758186397985 222)
[71, 217] (0.022770780856423173 226)
[510, 944] (0.02609571788413098 259)
[722, 766] (0.030025188916876576 298)
[72, 529] (0.038085642317380354 378)
[205, 419] (0.032544080604534 323)
[472, 829] (0.026297229219143577 261)
[161, 217] (0.021763224181360202 216)
[413, 419] (0.02801007556675063 278)
[529, 634] (0.02065491183879093 205)
[489, 809] (0.029017632241813602 288)
[413, 424] (0.022468513853904283 223)
[544, 966] (0.024785894206549117 246)
[217, 438] (0.028916876574307304 287)
[116, 125] (0.022267002518891688 221)
[489, 829] (0.03748110831234257 372)
[316, 529] (0.03224181360201511 320)
[266, 419] (0.021259445843828717 211)
[177, 710] (0.02146095717884131 213)
[205, 438] (0.0253904282115869 252)
[413, 438] (0.021561712846347607 214)
[529, 653] (0.023879093198992445 237)
[279, 489] (0.025289672544080606 251)
[55, 829] (0.03012594458438287 299)
[354, 752] (0.021964735516372794 218)
[217, 413] (0.02136020151133501 212)
[294, 883] (0.0218639798488665 217)
[217, 419] (0.04332493702770781 430)
[529, 661] (0.021259445843828717 211)
[529, 663] (0.02982367758186398 296)
[510, 800] (0.02035264483627204 202)
[198, 895] (0.02367758186397985 235)
[205, 450] (0.032342569269521414 321)
[579, 914] (0.021662468513853905 215)
[217, 427] (0.022367758186397985 222)
[112, 510] (0.029017632241813602 288)
[229, 368] (0.029521410579345087 293)
[529, 676] (0.033954659949622164 337)
[55, 883] (0.02367758186397985 235)
[217, 470] (0.020957178841309824 208)
[529, 675] (0.024886649874055415 247)
[529, 674] (0.02518891687657431 250)
[217, 477] (0.02075566750629723 206)
[205, 460] (0.020251889168765743 201)
[217, 487] (0.02730478589420655 271)
[217, 480] (0.028513853904282117 283)
[529, 682] (0.043727959697733 434)
[529, 686] (0.025591939546599496 254)
[266, 460] (0.020856423173803526 207)
[115, 283] (0.022468513853904283 223)
[205, 477] (0.02075566750629723 206)
[217, 489] (0.035365239294710325 351)
[217, 450] (0.023375314861460956 232)
[205, 480] (0.021259445843828717 211)
[266, 450] (0.020251889168765743 201)
[529, 692] (0.05188916876574307 515)
[354, 706] (0.02105793450881612 209)
[529, 694] (0.03486146095717884 346)
[71, 419] (0.02397984886649874 238)
[529, 690] (0.02297229219143577 228)
[21, 829] (0.02035264483627204 202)
[205, 487] (0.021561712846347607 214)
[205, 489] (0.034055415617128465 338)
[217, 460] (0.030428211586901763 302)
[290, 529] (0.021561712846347607 214)
[72, 510] (0.020050377833753148 199)
[489, 883] (0.030226700251889168 300)
[362, 854] (0.020151133501259445 200)
[294, 829] (0.02690176322418136 267)
[368, 720] (0.05057934508816121 502)
[368, 722] (0.04916876574307305 488)
[279, 438] (0.02357682619647355 234)
[362, 862] (0.02115869017632242 210)
[674, 937] (0.024584382871536525 244)
[197, 989] (0.02508816120906801 249)
[145, 982] (0.02075566750629723 206)
[541, 682] (0.02035264483627204 202)
[675, 766] (0.024584382871536525 244)
[541, 692] (0.030226700251889168 300)
[161, 914] (0.020050377833753148 199)
[339, 598] (0.025591939546599496 254)
[236, 819] (0.020151133501259445 200)
[283, 885] (0.02065491183879093 205)
[362, 829] (0.03415617128463476 339)
[460, 914] (0.025591939546599496 254)
[674, 919] (0.021259445843828717 211)
[279, 419] (0.043526448362720405 432)
[236, 829] (0.024785894206549117 246)
[368, 706] (0.029521410579345087 293)
[204, 343] (0.02075566750629723 206)
[294, 862] (0.023073047858942066 229)
[283, 829] (0.033652392947103274 334)
[427, 510] (0.020050377833753148 199)
[362, 897] (0.023073047858942066 229)
[354, 775] (0.02508816120906801 249)
[368, 758] (0.023778337531486147 236)
[55, 809] (0.02146095717884131 213)
[354, 766] (0.02831234256926952 281)
[368, 752] (0.04322418136020151 429)
[362, 895] (0.03596977329974811 357)
[3, 676] (0.02065491183879093 205)
[368, 769] (0.02327455919395466 231)
[460, 956] (0.021259445843828717 211)
[120, 140] (0.020554156171284636 204)
[572, 956] (0.024181360201511334 240)
[110, 419] (0.024987405541561713 248)
[368, 763] (0.028513853904282117 283)
[368, 766] (0.04664987405541562 463)
[427, 529] (0.03899244332493703 387)
[112, 529] (0.021964735516372794 218)
[54, 368] (0.023173803526448364 230)
[205, 401] (0.021662468513853905 215)
[276, 829] (0.02518891687657431 250)
[368, 738] (0.020251889168765743 201)
[368, 735] (0.02438287153652393 242)
[368, 736] (0.024080604534005037 239)
[140, 694] (0.021964735516372794 218)
[140, 692] (0.02579345088161209 256)
[48, 381] (0.020957178841309824 208)
[110, 438] (0.021561712846347607 214)
[529, 614] (0.022670025188916875 225)
[368, 746] (0.02216624685138539 220)
[529, 620] (0.02035264483627204 202)
[676, 897] (0.023879093198992445 237)
[183, 966] (0.020050377833753148 199)
[676, 893] (0.02397984886649874 238)
[97, 368] (0.02216624685138539 220)
[362, 883] (0.02035264483627204 202)
[377, 692] (0.021259445843828717 211)
[722, 867] (0.023073047858942066 229)
[722, 862] (0.022468513853904283 223)
[140, 682] (0.02216624685138539 220)
[8, 795] (0.021259445843828717 211)
[538, 676] (0.026397984886649874 262)
[377, 694] (0.02105793450881612 209)
[675, 829] (0.024886649874055415 247)
[438, 736] (0.020856423173803526 207)
[355, 438] (0.021561712846347607 214)
[676, 883] (0.022367758186397985 222)
[368, 793] (0.024584382871536525 244)
[120, 217] (0.02619647355163728 260)
[140, 674] (0.02065491183879093 205)
[722, 854] (0.022267002518891688 221)
[368, 795] (0.03899244332493703 387)
[368, 797] (0.03193954659949622 317)
[70, 829] (0.023073047858942066 229)
[477, 489] (0.02287153652392947 227)
[377, 687] (0.02035264483627204 202)
[692, 895] (0.021662468513853905 215)
[346, 766] (0.02136020151133501 212)
[554, 895] (0.020251889168765743 201)
[692, 897] (0.021662468513853905 215)
[554, 893] (0.022468513853904283 223)
[120, 205] (0.02841309823677582 282)
[368, 782] (0.025591939546599496 254)
[368, 780] (0.026498740554156172 263)
[368, 785] (0.02327455919395466 231)
[438, 722] (0.038790931989924435 385)
[692, 890] (0.02105793450881612 209)
[438, 720] (0.024483627204030228 243)
[722, 883] (0.025491183879093198 253)
[110, 477] (0.02760705289672544 274)
[118, 368] (0.02035264483627204 202)
[35, 682] (0.02468513853904282 245)
[692, 883] (0.026397984886649874 262)
[538, 692] (0.021259445843828717 211)
[368, 775] (0.040201511335012596 399)
[145, 914] (0.035465994962216627 352)
[470, 956] (0.020151133501259445 200)
[692, 887] (0.020554156171284636 204)
[283, 766] (0.03083123425692695 306)
[339, 618] (0.020957178841309824 208)
[326, 368] (0.023778337531486147 236)
[438, 706] (0.02297229219143577 228)
[694, 937] (0.020957178841309824 208)
[151, 368] (0.0291183879093199 289)
[204, 236] (0.02065491183879093 205)
[110, 489] (0.020554156171284636 204)
[145, 937] (0.02297229219143577 228)
[510, 895] (0.034659949622166245 344)
[401, 419] (0.02065491183879093 205)
[510, 897] (0.03667506297229219 364)
[8, 766] (0.03093198992443325 307)
[401, 413] (0.02136020151133501 212)
[510, 890] (0.033047858942065494 328)
[236, 862] (0.021561712846347607 214)
[145, 966] (0.020251889168765743 201)
[196, 914] (0.02397984886649874 238)
[661, 720] (0.021662468513853905 215)
[694, 956] (0.020554156171284636 204)
[8, 775] (0.02508816120906801 249)
[145, 956] (0.02357682619647355 234)
[676, 829] (0.03697732997481108 367)
[722, 829] (0.029924433249370278 297)
[401, 438] (0.02297229219143577 228)
[46, 692] (0.02045340050377834 203)
[46, 661] (0.030226700251889168 300)
[12, 766] (0.03062972292191436 304)
[510, 862] (0.02065491183879093 205)
[115, 368] (0.03596977329974811 357)
[177, 795] (0.021561712846347607 214)
[21, 766] (0.02367758186397985 235)
[55, 785] (0.022770780856423173 226)
[489, 890] (0.02297229219143577 228)
[890, 914] (0.028614609571788414 284)
[489, 897] (0.02508816120906801 249)
[8, 720] (0.02609571788413098 259)
[489, 895] (0.025994962216624687 258)
[8, 722] (0.022770780856423173 226)
[778, 829] (0.02801007556675063 278)
[510, 883] (0.029622166246851385 294)
[510, 885] (0.022065491183879092 219)
[510, 886] (0.022670025188916875 225)
[197, 368] (0.021259445843828717 211)
[55, 766] (0.027909319899244334 277)
[177, 775] (0.023073047858942066 229)
[334, 766] (0.02327455919395466 231)
[229, 419] (0.02105793450881612 209)
[438, 795] (0.02357682619647355 234)
[266, 362] (0.020050377833753148 199)
[177, 766] (0.02397984886649874 238)
[266, 368] (0.04302267002518892 427)
[69, 510] (0.02065491183879093 205)
[351, 368] (0.023375314861460956 232)
[401, 489] (0.03345088161209068 332)
[217, 401] (0.025692695214105794 255)
[12, 722] (0.024080604534005037 239)
[177, 752] (0.027506297229219143 273)
[510, 829] (0.04654911838790932 462)
[70, 883] (0.022670025188916875 225)
[31, 217] (0.021964735516372794 218)
[510, 820] (0.02075566750629723 206)
[890, 956] (0.02105793450881612 209)
[722, 890] (0.02146095717884131 213)
[470, 937] (0.027808564231738036 276)
[487, 766] (0.024080604534005037 239)
[692, 829] (0.046246851385390426 459)
[722, 897] (0.020554156171284636 204)
[450, 937] (0.020554156171284636 204)
[722, 895] (0.02357682619647355 234)
[510, 814] (0.023073047858942066 229)
[122, 897] (0.020151133501259445 200)
[937, 966] (0.024584382871536525 244)
[438, 766] (0.03566750629722922 354)
[395, 895] (0.023778337531486147 236)
[405, 766] (0.022367758186397985 222)
[413, 489] (0.020856423173803526 207)
[71, 362] (0.02619647355163728 260)
[71, 368] (0.03667506297229219 364)
[438, 752] (0.024181360201511334 240)
[937, 956] (0.025289672544080606 251)
[419, 480] (0.03667506297229219 364)
[541, 956] (0.022065491183879092 219)
[217, 966] (0.023879093198992445 237)
[419, 489] (0.032544080604534 323)
[538, 829] (0.02942065491183879 292)
[419, 487] (0.022065491183879092 219)
[538, 826] (0.021662468513853905 215)
[494, 829] (0.02075566750629723 206)
[489, 752] (0.027909319899244334 277)
[541, 967] (0.021964735516372794 218)
[217, 956] (0.03496221662468514 347)
[682, 766] (0.031335012594458436 311)
[758, 829] (0.024282115869017632 241)
[489, 722] (0.042821158690176324 425)
[217, 947] (0.022670025188916875 225)
[489, 720] (0.03345088161209068 332)
[682, 775] (0.02508816120906801 249)
[217, 937] (0.0327455919395466 325)
[489, 736] (0.02397984886649874 238)
[377, 956] (0.02297229219143577 228)
[12, 914] (0.027808564231738036 276)
[46, 829] (0.029319899244332495 291)
[489, 706] (0.022267002518891688 221)
[242, 419] (0.02065491183879093 205)
[12, 919] (0.02075566750629723 206)
[55, 217] (0.02065491183879093 205)
[606, 618] (0.020050377833753148 199)
[72, 682] (0.033350125944584384 331)
[72, 692] (0.023173803526448364 230)
[279, 362] (0.02136020151133501 212)
[217, 914] (0.03748110831234257 372)
[797, 956] (0.031335012594458436 311)
[279, 368] (0.03657430730478589 363)
[217, 919] (0.02115869017632242 210)
[217, 918] (0.024483627204030228 243)
[419, 450] (0.03425692695214106 340)
[489, 710] (0.020050377833753148 199)
[283, 914] (0.02801007556675063 278)
[161, 354] (0.022367758186397985 222)
[541, 982] (0.02508816120906801 249)
[419, 460] (0.02619647355163728 260)
[161, 362] (0.0218639798488665 217)
[161, 368] (0.0328463476070529 326)
[419, 470] (0.03183879093198992 316)
[322, 510] (0.024584382871536525 244)
[419, 472] (0.02508816120906801 249)
[377, 914] (0.020151133501259445 200)
[419, 477] (0.024282115869017632 241)
[177, 368] (0.035465994962216627 352)
[78, 419] (0.020554156171284636 204)
[460, 829] (0.028513853904282117 283)
[204, 956] (0.022770780856423173 226)
[283, 966] (0.024584382871536525 244)
[576, 766] (0.02035264483627204 202)
[326, 438] (0.02136020151133501 212)
[93, 220] (0.02136020151133501 212)
[401, 883] (0.02297229219143577 228)
[177, 381] (0.02136020151133501 212)
[204, 937] (0.021259445843828717 211)
[151, 682] (0.025591939546599496 254)
[205, 775] (0.023778337531486147 236)
[597, 937] (0.024080604534005037 239)
[419, 438] (0.032544080604534 323)
[204, 914] (0.02508816120906801 249)
[204, 217] (0.02216624685138539 220)
[373, 510] (0.027204030226700253 270)
[205, 752] (0.023073047858942066 229)
[554, 829] (0.023073047858942066 229)
[205, 758] (0.021662468513853905 215)
[198, 937] (0.030730478589420653 305)
[205, 766] (0.030428211586901763 302)
[197, 829] (0.02115869017632242 210)
[354, 438] (0.02468513853904282 245)
[354, 419] (0.024987405541561713 248)
[8, 368] (0.03929471032745592 390)
[438, 910] (0.020957178841309824 208)
[111, 510] (0.020050377833753148 199)
[205, 720] (0.027506297229219143 273)
[8, 362] (0.021662468513853905 215)
[205, 722] (0.026498740554156172 263)
[217, 991] (0.022065491183879092 219)
[8, 354] (0.020050377833753148 199)
[316, 829] (0.02115869017632242 210)
[424, 538] (0.02045340050377834 203)
[792, 829] (0.022367758186397985 222)
[401, 829] (0.029521410579345087 293)
[438, 919] (0.021561712846347607 214)
[120, 766] (0.024584382871536525 244)
[217, 982] (0.023173803526448364 230)
[438, 914] (0.02619647355163728 260)
[373, 529] (0.025692695214105794 255)
[510, 797] (0.02518891687657431 250)
[21, 480] (0.020856423173803526 207)
[354, 470] (0.02115869017632242 210)
[561, 829] (0.02518891687657431 250)
[69, 419] (0.023879093198992445 237)
[140, 145] (0.026297229219143577 261)
[368, 438] (0.04594458438287154 456)
[177, 419] (0.02367758186397985 235)
[510, 785] (0.024886649874055415 247)
[145, 205] (0.02287153652392947 227)
[354, 489] (0.024785894206549117 246)
[470, 829] (0.027103274559193955 269)
[362, 914] (0.03083123425692695 306)
[296, 897] (0.020050377833753148 199)
[368, 427] (0.027002518891687657 268)
[362, 919] (0.02256926952141058 224)
[145, 217] (0.04433249370277078 440)
[775, 897] (0.02438287153652393 242)
[438, 829] (0.04040302267002519 401)
[510, 775] (0.027506297229219143 273)
[175, 529] (0.0218639798488665 217)
[368, 450] (0.04785894206549118 475)
[283, 897] (0.02105793450881612 209)
[205, 829] (0.035062972292191436 348)
[510, 766] (0.03738035264483627 371)
[775, 883] (0.02367758186397985 235)
[460, 897] (0.02508816120906801 249)
[177, 438] (0.03526448362720403 350)
[362, 937] (0.020554156171284636 204)
[427, 829] (0.024483627204030228 243)
[427, 897] (0.020251889168765743 201)
[427, 895] (0.02438287153652393 242)
[8, 427] (0.028513853904282117 283)
[597, 914] (0.027103274559193955 269)
[21, 438] (0.022367758186397985 222)
[236, 510] (0.024282115869017632 241)
[346, 890] (0.021763224181360202 216)
[571, 829] (0.024785894206549117 246)
[427, 883] (0.023476070528967254 233)
[51, 829] (0.020050377833753148 199)
[775, 862] (0.02468513853904282 245)
[8, 438] (0.02065491183879093 205)
[368, 419] (0.0582367758186398 578)
[826, 829] (0.025491183879093198 253)
[368, 413] (0.04292191435768262 426)
[177, 489] (0.028614609571788414 284)
[177, 487] (0.024584382871536525 244)
[538, 797] (0.027506297229219143 273)
[706, 829] (0.02438287153652393 242)
[8, 419] (0.02871536523929471 285)
[401, 766] (0.023073047858942066 229)
[368, 408] (0.021763224181360202 216)
[236, 529] (0.03314861460957179 329)
[368, 405] (0.02136020151133501 212)
[368, 401] (0.03727959697732997 370)
[438, 862] (0.023879093198992445 237)
[110, 968] (0.025491183879093198 253)
[438, 897] (0.021964735516372794 218)
[438, 895] (0.02468513853904282 245)
[438, 890] (0.03083123425692695 306)
[413, 937] (0.02801007556675063 278)
[115, 682] (0.02508816120906801 249)
[381, 529] (0.028211586901763223 280)
[140, 919] (0.02075566750629723 206)
[775, 829] (0.03596977329974811 357)
[438, 883] (0.029924433249370278 297)
[12, 829] (0.031032745591939546 308)
[390, 529] (0.022267002518891688 221)
[682, 829] (0.04171284634760705 414)
[21, 419] (0.023879093198992445 237)
[538, 766] (0.02256926952141058 224)
[712, 829] (0.02065491183879093 205)
[413, 956] (0.03314861460957179 329)
[450, 480] (0.02357682619647355 234)
[21, 401] (0.020554156171284636 204)
[140, 937] (0.027405541561712845 272)
[72, 694] (0.021259445843828717 211)
[538, 752] (0.024886649874055415 247)
[46, 766] (0.02297229219143577 228)
[368, 472] (0.021763224181360202 216)
[70, 510] (0.028211586901763223 280)
[12, 885] (0.02075566750629723 206)
[12, 883] (0.02115869017632242 210)
[368, 477] (0.029924433249370278 297)
[489, 797] (0.021259445843828717 211)
[489, 795] (0.024584382871536525 244)
[510, 752] (0.03193954659949622 317)
[682, 883] (0.03677581863979849 365)
[368, 480] (0.03566750629722922 354)
[682, 886] (0.023778337531486147 236)
[161, 294] (0.022770780856423173 226)
[450, 489] (0.028110831234256926 279)
[427, 800] (0.020554156171284636 204)
[368, 460] (0.03717884130982368 369)
[368, 470] (0.04110831234256927 408)
[140, 956] (0.02357682619647355 234)
[350, 966] (0.024080604534005037 239)
[489, 775] (0.025692695214105794 255)
[280, 529] (0.02942065491183879 292)
[538, 720] (0.02065491183879093 205)
[70, 529] (0.024282115869017632 241)
[368, 489] (0.05793450881612091 575)
[12, 895] (0.030730478589420653 305)
[368, 487] (0.03314861460957179 329)
[110, 145] (0.024080604534005037 239)
[895, 897] (0.02468513853904282 245)
[510, 722] (0.027506297229219143 273)
[510, 720] (0.03324937027707808 330)
[368, 494] (0.03697732997481108 367)
[489, 766] (0.03566750629722922 354)
[682, 854] (0.024785894206549117 246)
[682, 890] (0.02357682619647355 234)
[682, 895] (0.027405541561712845 272)
[682, 897] (0.022468513853904283 223)
[55, 112] (0.021662468513853905 215)
[597, 883] (0.025289672544080606 251)
[68, 829] (0.02045340050377834 203)
[489, 606] (0.02105793450881612 209)
[377, 829] (0.022670025188916875 225)
[72, 766] (0.02035264483627204 202)
[541, 829] (0.024987405541561713 248)
[538, 956] (0.03798488664987405 377)
[70, 682] (0.02367758186397985 235)
[78, 368] (0.02327455919395466 231)
[339, 368] (0.020050377833753148 199)
[27, 419] (0.021763224181360202 216)
[373, 494] (0.020251889168765743 201)
[112, 722] (0.02136020151133501 212)
[185, 529] (0.021763224181360202 216)
[205, 682] (0.025692695214105794 255)
[205, 680] (0.020151133501259445 200)
[319, 804] (0.02045340050377834 203)
[161, 484] (0.02146095717884131 213)
[419, 597] (0.032342569269521414 321)
[419, 593] (0.020050377833753148 199)
[132, 140] (0.02136020151133501 212)
[205, 692] (0.022770780856423173 226)
[129, 819] (0.021561712846347607 214)
[73, 217] (0.022670025188916875 225)
[381, 510] (0.02035264483627204 202)
[598, 618] (0.023073047858942066 229)
[151, 529] (0.024080604534005037 239)
[419, 571] (0.025692695214105794 255)
[538, 914] (0.02115869017632242 210)
[316, 766] (0.02690176322418136 267)
[572, 797] (0.023173803526448364 230)
[151, 510] (0.027002518891687657 268)
[797, 829] (0.02297229219143577 228)
[541, 883] (0.022670025188916875 225)
[797, 826] (0.021763224181360202 216)
[161, 438] (0.02065491183879093 205)
[419, 554] (0.02287153652392947 227)
[8, 450] (0.02075566750629723 206)
[510, 593] (0.02831234256926952 281)
[541, 895] (0.02045340050377834 203)
[205, 638] (0.02136020151133501 212)
[217, 294] (0.021964735516372794 218)
[120, 862] (0.020251889168765743 201)
[401, 722] (0.027707808564231738 275)
[354, 510] (0.029521410579345087 293)
[419, 561] (0.023375314861460956 232)
[368, 509] (0.027204030226700253 270)
[373, 438] (0.026498740554156172 263)
[618, 989] (0.023476070528967254 233)
[510, 597] (0.021662468513853905 215)
[38, 368] (0.0253904282115869 252)
[161, 419] (0.02831234256926952 281)
[217, 275] (0.02136020151133501 212)
[217, 276] (0.022770780856423173 226)
[354, 529] (0.03727959697732997 370)
[217, 279] (0.024181360201511334 240)
[316, 706] (0.02518891687657431 250)
[419, 529] (0.047556675062972294 472)
[597, 829] (0.035365239294710325 351)
[161, 427] (0.02367758186397985 235)
[93, 966] (0.0218639798488665 217)
[8, 460] (0.02035264483627204 202)
[419, 541] (0.02287153652392947 227)
[69, 368] (0.02871536523929471 285)
[217, 283] (0.031032745591939546 308)
[54, 829] (0.02256926952141058 224)
[205, 675] (0.020856423173803526 207)
[618, 966] (0.023476070528967254 233)
[205, 674] (0.02256926952141058 224)
[419, 538] (0.021763224181360202 216)
[419, 510] (0.046246851385390426 459)
[631, 829] (0.02065491183879093 205)
[8, 480] (0.02357682619647355 234)
[120, 895] (0.025692695214105794 255)
[692, 694] (0.022770780856423173 226)
[8, 489] (0.023173803526448364 230)
[217, 266] (0.02619647355163728 260)
[35, 489] (0.020856423173803526 207)
[205, 614] (0.020050377833753148 199)
[205, 618] (0.024181360201511334 240)
[217, 236] (0.020856423173803526 207)
[401, 692] (0.027405541561712845 272)
[438, 966] (0.023073047858942066 229)
[177, 579] (0.026801007556675062 266)
[368, 581] (0.023073047858942066 229)
[706, 914] (0.02146095717884131 213)
[145, 354] (0.024987405541561713 248)
[460, 766] (0.029017632241813602 288)
[71, 177] (0.02619647355163728 260)
[71, 175] (0.022770780856423173 226)
[401, 682] (0.024483627204030228 243)
[368, 579] (0.024080604534005037 239)
[140, 890] (0.02075566750629723 206)
[368, 573] (0.02397984886649874 238)
[368, 576] (0.03214105793450882 319)
[438, 956] (0.03183879093198992 316)
[140, 895] (0.020251889168765743 201)
[368, 572] (0.020856423173803526 207)
[368, 571] (0.02982367758186398 296)
[8, 510] (0.03455919395465995 343)
[510, 663] (0.023476070528967254 233)
[510, 661] (0.02035264483627204 202)
[368, 567] (0.026801007556675062 266)
[145, 316] (0.021964735516372794 218)
[140, 885] (0.02146095717884131 213)
[140, 883] (0.02216624685138539 220)
[183, 294] (0.020050377833753148 199)
[427, 720] (0.02045340050377834 203)
[368, 561] (0.028211586901763223 280)
[8, 529] (0.03486146095717884 346)
[347, 529] (0.023879093198992445 237)
[145, 334] (0.0218639798488665 217)
[738, 766] (0.023476070528967254 233)
[368, 554] (0.02760705289672544 274)
[438, 937] (0.020856423173803526 207)
[895, 937] (0.04513853904282116 448)
[470, 752] (0.02105793450881612 209)
[510, 682] (0.03496221662468514 347)
[48, 140] (0.0253904282115869 252)
[510, 689] (0.02065491183879093 205)
[368, 540] (0.020151133501259445 200)
[682, 919] (0.02065491183879093 205)
[682, 914] (0.03204030226700252 318)
[510, 692] (0.043526448362720405 432)
[368, 541] (0.0398992443324937 396)
[300, 510] (0.020251889168765743 201)
[510, 674] (0.023375314861460956 232)
[470, 766] (0.02438287153652393 242)
[460, 722] (0.02136020151133501 212)
[510, 675] (0.0253904282115869 252)
[510, 676] (0.03244332493702771 322)
[368, 538] (0.03244332493702771 322)
[8, 541] (0.024282115869017632 241)
[886, 937] (0.02287153652392947 227)
[826, 956] (0.02508816120906801 249)
[115, 529] (0.02035264483627204 202)
[895, 914] (0.0328463476070529 326)
[110, 217] (0.0218639798488665 217)
[368, 529] (0.0726448362720403 721)
[509, 598] (0.02216624685138539 220)
[427, 766] (0.027405541561712845 272)
[470, 722] (0.02075566750629723 206)
[120, 829] (0.022468513853904283 223)
[682, 937] (0.026297229219143577 261)
[510, 694] (0.032644836272040303 324)
[110, 205] (0.02327455919395466 231)
[706, 937] (0.023173803526448364 230)
[43, 510] (0.021662468513853905 215)
[51, 956] (0.022468513853904283 223)
[368, 510] (0.05884130982367758 584)
[71, 919] (0.02619647355163728 260)
[682, 956] (0.030327455919395466 301)
[443, 766] (0.02075566750629723 206)
[489, 682] (0.044836272040302265 445)
[775, 937] (0.02327455919395466 231)
[236, 692] (0.021763224181360202 216)
[381, 419] (0.020856423173803526 207)
[538, 883] (0.021662468513853905 215)
[489, 675] (0.030428211586901763 302)
[489, 674] (0.02146095717884131 213)
[918, 956] (0.022065491183879092 219)
[71, 914] (0.03173803526448363 315)
[895, 956] (0.023073047858942066 229)
[775, 966] (0.023879093198992445 237)
[21, 529] (0.02438287153652393 242)
[682, 967] (0.022770780856423173 226)
[12, 115] (0.022770780856423173 226)
[918, 937] (0.020957178841309824 208)
[489, 692] (0.03596977329974811 357)
[682, 966] (0.020554156171284636 204)
[489, 694] (0.02115869017632242 210)
[71, 937] (0.02065491183879093 205)
[25, 510] (0.03143576826196474 312)
[606, 829] (0.020957178841309824 208)
[110, 283] (0.025289672544080606 251)
[484, 529] (0.02367758186397985 235)
[350, 829] (0.026297229219143577 261)
[489, 634] (0.025591939546599496 254)
[177, 529] (0.029017632241813602 288)
[682, 984] (0.021561712846347607 214)
[130, 217] (0.02065491183879093 205)
[12, 145] (0.029622166246851385 294)
[177, 510] (0.028614609571788414 284)
[12, 140] (0.02256926952141058 224)
[280, 419] (0.021561712846347607 214)
[53, 368] (0.024282115869017632 241)
[489, 663] (0.02035264483627204 202)
[510, 614] (0.02579345088161209 256)
[368, 593] (0.02942065491183879 292)
[634, 956] (0.022770780856423173 226)
[368, 597] (0.035062972292191436 348)
[368, 598] (0.02075566750629723 206)
[381, 438] (0.02216624685138539 220)
[775, 914] (0.028916876574307304 287)
[140, 829] (0.029924433249370278 297)
[541, 914] (0.021763224181360202 216)
[529, 968] (0.02065491183879093 205)
[529, 966] (0.03717884130982368 369)
[276, 489] (0.021662468513853905 215)
[161, 510] (0.020957178841309824 208)
[31, 766] (0.024282115869017632 241)
[115, 829] (0.025289672544080606 251)
[424, 797] (0.022065491183879092 219)
[529, 956] (0.033954659949622164 337)
[529, 952] (0.02035264483627204 202)
[529, 947] (0.02760705289672544 274)
[529, 949] (0.022065491183879092 219)
[597, 722] (0.02065491183879093 205)
[381, 829] (0.031234256926952142 310)
[110, 766] (0.02397984886649874 238)
[12, 283] (0.021662468513853905 215)
[140, 377] (0.021259445843828717 211)
[529, 937] (0.03486146095717884 346)
[35, 368] (0.026397984886649874 262)
[477, 792] (0.023879093198992445 237)
[116, 419] (0.022770780856423173 226)
[140, 368] (0.03294710327455919 327)
[413, 720] (0.020554156171284636 204)
[140, 362] (0.021561712846347607 214)
[161, 529] (0.03768261964735516 374)
[205, 989] (0.025692695214105794 255)
[72, 829] (0.02871536523929471 285)
[122, 419] (0.027707808564231738 275)
[12, 217] (0.02136020151133501 212)
[413, 706] (0.023476070528967254 233)
[276, 480] (0.024181360201511334 240)
[529, 982] (0.03224181360201511 320)
[46, 141] (0.02518891687657431 250)
[472, 489] (0.024886649874055415 247)
[529, 984] (0.020554156171284636 204)
[593, 829] (0.021964735516372794 218)
[177, 217] (0.03687657430730479 366)
[145, 438] (0.027405541561712845 272)
[32, 510] (0.03294710327455919 327)
[71, 752] (0.03516372795969773 349)
[510, 541] (0.029722921914357683 295)
[145, 427] (0.022670025188916875 225)
[480, 571] (0.028816120906801006 286)
[32, 529] (0.025591939546599496 254)
[145, 419] (0.033652392947103274 334)
[196, 362] (0.022267002518891688 221)
[196, 368] (0.028211586901763223 280)
[183, 368] (0.028513853904282117 283)
[381, 895] (0.023173803526448364 230)
[145, 401] (0.020251889168765743 201)
[381, 893] (0.02115869017632242 210)
[510, 581] (0.034659949622166245 344)
[177, 205] (0.028614609571788414 284)
[142, 484] (0.02136020151133501 212)
[177, 204] (0.027405541561712845 272)
[294, 510] (0.023476070528967254 233)
[487, 489] (0.020957178841309824 208)
[1, 982] (0.024886649874055415 247)
[204, 895] (0.027506297229219143 273)
[618, 900] (0.02035264483627204 202)
[145, 489] (0.03153652392947103 313)
[294, 529] (0.04191435768261965 416)
[145, 487] (0.02105793450881612 209)
[239, 368] (0.030327455919395466 301)
[73, 368] (0.023375314861460956 232)
[48, 694] (0.02579345088161209 256)
[489, 494] (0.021763224181360202 216)
[597, 775] (0.02146095717884131 213)
[413, 797] (0.026297229219143577 261)
[140, 381] (0.02579345088161209 256)
[58, 368] (0.023375314861460956 232)
[510, 529] (0.04231738035264484 420)
[477, 766] (0.02115869017632242 210)
[110, 720] (0.02659949622166247 264)
[72, 883] (0.02841309823677582 282)
[597, 766] (0.02841309823677582 282)
[227, 510] (0.02136020151133501 212)
[413, 766] (0.020856423173803526 207)
[110, 712] (0.020050377833753148 199)
[510, 538] (0.024181360201511334 240)
[217, 722] (0.029319899244332495 291)
[217, 720] (0.029924433249370278 297)
[897, 956] (0.02115869017632242 210)
[151, 966] (0.021763224181360202 216)
[173, 368] (0.020554156171284636 204)
[460, 692] (0.02831234256926952 281)
[145, 381] (0.020856423173803526 207)
[70, 205] (0.025591939546599496 254)
[120, 510] (0.03062972292191436 304)
[294, 438] (0.020856423173803526 207)
[8, 217] (0.02619647355163728 260)
[155, 368] (0.021662468513853905 215)
[204, 829] (0.029924433249370278 297)
[460, 676] (0.026297229219143577 261)
[145, 362] (0.024483627204030228 243)
[229, 829] (0.021259445843828717 211)
[897, 937] (0.033652392947103274 334)
[145, 368] (0.035062972292191436 348)
[120, 529] (0.034760705289672546 345)
[71, 692] (0.022670025188916875 225)
[71, 694] (0.020050377833753148 199)
[897, 938] (0.024080604534005037 239)
[217, 752] (0.024080604534005037 239)
[720, 797] (0.020251889168765743 201)
[71, 682] (0.024886649874055415 247)
[339, 966] (0.024987405541561713 248)
[279, 914] (0.022770780856423173 226)
[339, 900] (0.02619647355163728 260)
[217, 769] (0.022065491183879092 219)
[217, 766] (0.03717884130982368 369)
[720, 752] (0.027405541561712845 272)
[897, 914] (0.023375314861460956 232)
[480, 529] (0.026700251889168764 265)
[217, 775] (0.030730478589420653 305)
[55, 419] (0.0218639798488665 217)
[294, 489] (0.02216624685138539 220)
[720, 766] (0.0398992443324937 396)
[480, 510] (0.02518891687657431 250)
[45, 829] (0.029219143576826197 290)
[93, 480] (0.02136020151133501 212)
[217, 785] (0.025692695214105794 255)
[480, 674] (0.02327455919395466 231)
[129, 529] (0.02357682619647355 234)
[32, 419] (0.02357682619647355 234)
[780, 895] (0.02045340050377834 203)
[217, 795] (0.030025188916876576 298)
[8, 239] (0.024584382871536525 244)
[175, 177] (0.020554156171284636 204)
[55, 438] (0.024987405541561713 248)
[236, 316] (0.024282115869017632 241)
[450, 682] (0.024483627204030228 243)
[280, 368] (0.024282115869017632 241)
[8, 294] (0.02297229219143577 228)
[720, 722] (0.02438287153652393 242)
[207, 368] (0.027506297229219143 273)
[450, 692] (0.030327455919395466 301)
[24, 480] (0.020251889168765743 201)
[132, 368] (0.025692695214105794 255)
[8, 279] (0.02105793450881612 209)
[12, 205] (0.02075566750629723 206)
[12, 204] (0.02518891687657431 250)
[132, 354] (0.02357682619647355 234)
[450, 674] (0.02146095717884131 213)
[55, 480] (0.03244332493702771 322)
[711, 829] (0.026297229219143577 261)
[339, 989] (0.022670025188916875 225)
[795, 829] (0.02831234256926952 281)
[115, 890] (0.02065491183879093 205)
[217, 706] (0.02438287153652393 242)
[373, 377] (0.02136020151133501 212)
[32, 489] (0.024080604534005037 239)
[115, 722] (0.020251889168765743 201)
[110, 895] (0.02105793450881612 209)
[419, 944] (0.023375314861460956 232)
[489, 541] (0.028916876574307304 287)
[419, 949] (0.02297229219143577 228)
[489, 548] (0.02438287153652393 242)
[401, 956] (0.022468513853904283 223)
[140, 242] (0.02075566750629723 206)
[419, 956] (0.03486146095717884 346)
[110, 883] (0.0218639798488665 217)
[205, 862] (0.020151133501259445 200)
[919, 937] (0.02438287153652393 242)
[205, 854] (0.02518891687657431 250)
[31, 629] (0.0218639798488665 217)
[489, 561] (0.021964735516372794 218)
[205, 895] (0.023778337531486147 236)
[205, 897] (0.022367758186397985 222)
[316, 937] (0.022770780856423173 226)
[893, 914] (0.021259445843828717 211)
[116, 529] (0.02327455919395466 231)
[205, 883] (0.026397984886649874 262)
[419, 937] (0.04161209068010076 413)
[489, 579] (0.02035264483627204 202)
[205, 876] (0.023173803526448364 230)
[140, 217] (0.031032745591939546 308)
[276, 368] (0.03093198992443325 307)
[419, 989] (0.02035264483627204 202)
[239, 438] (0.02287153652392947 227)
[71, 829] (0.02619647355163728 260)
[171, 529] (0.020251889168765743 201)
[112, 914] (0.025289672544080606 251)
[489, 510] (0.034055415617128465 338)
[450, 571] (0.024181360201511334 240)
[408, 829] (0.02287153652392947 227)
[12, 368] (0.04231738035264484 420)
[12, 362] (0.03445843828715365 342)
[413, 829] (0.02518891687657431 250)
[161, 694] (0.024080604534005037 239)
[161, 692] (0.02609571788413098 259)
[419, 966] (0.02619647355163728 260)
[12, 354] (0.02115869017632242 210)
[489, 529] (0.043828715365239294 435)
[413, 826] (0.024886649874055415 247)
[145, 529] (0.040100755667506295 398)
[161, 682] (0.032644836272040303 324)
[351, 897] (0.022267002518891688 221)
[316, 968] (0.021259445843828717 211)
[239, 419] (0.023173803526448364 230)
[145, 510] (0.027707808564231738 275)
[161, 676] (0.020151133501259445 200)
[682, 692] (0.027506297229219143 273)
[326, 766] (0.0218639798488665 217)
[73, 480] (0.020251889168765743 201)
[177, 326] (0.024282115869017632 241)
[145, 550] (0.02146095717884131 213)
[682, 687] (0.0218639798488665 217)
[893, 982] (0.024483627204030228 243)
[381, 766] (0.024080604534005037 239)
[145, 541] (0.020050377833753148 199)
[204, 766] (0.02841309823677582 282)
[151, 766] (0.023375314861460956 232)
[362, 419] (0.031032745591939546 308)
[597, 692] (0.02256926952141058 224)
[477, 829] (0.03345088161209068 332)
[71, 897] (0.02105793450881612 209)
[110, 829] (0.03677581863979849 365)
[752, 766] (0.024483627204030228 243)
[25, 682] (0.021964735516372794 218)
[294, 414] (0.02146095717884131 213)
[614, 937] (0.022367758186397985 222)
[413, 895] (0.031032745591939546 308)
[800, 829] (0.03566750629722922 354)
[294, 419] (0.024080604534005037 239)
[477, 883] (0.022065491183879092 219)
[419, 918] (0.022468513853904283 223)
[419, 919] (0.02579345088161209 256)
[72, 161] (0.022267002518891688 221)
[419, 914] (0.03183879093198992 316)
[39, 529] (0.026801007556675062 266)
[489, 597] (0.02146095717884131 213)
[198, 413] (0.024080604534005037 239)
[236, 377] (0.02075566750629723 206)
[319, 529] (0.023173803526448364 230)
[736, 766] (0.022065491183879092 219)
[236, 368] (0.027808564231738036 276)
[362, 438] (0.02327455919395466 231)
[294, 401] (0.02035264483627204 202)
[480, 484] (0.02216624685138539 220)
[682, 722] (0.02508816120906801 249)
[682, 720] (0.025692695214105794 255)
[283, 381] (0.022267002518891688 221)
[362, 368] (0.04785894206549118 475)
[73, 529] (0.024282115869017632 241)
[217, 883] (0.027707808564231738 275)
[368, 373] (0.03143576826196474 312)
[183, 419] (0.0218639798488665 217)
[480, 766] (0.028211586901763223 280)
[127, 368] (0.027506297229219143 273)
[349, 661] (0.02075566750629723 206)
[82, 829] (0.024987405541561713 248)
[217, 854] (0.021763224181360202 216)
[48, 956] (0.02287153652392947 227)
[706, 766] (0.029622166246851385 294)
[242, 377] (0.021259445843828717 211)
[217, 862] (0.02579345088161209 256)
[242, 381] (0.02146095717884131 213)
[8, 12] (0.020554156171284636 204)
[151, 829] (0.03012594458438287 299)
[381, 675] (0.020957178841309824 208)
[93, 368] (0.02982367758186398 296)
[8, 71] (0.025491183879093198 253)
[8, 70] (0.02760705289672544 274)
[381, 694] (0.027506297229219143 273)
[381, 692] (0.020957178841309824 208)
[381, 687] (0.021964735516372794 218)
[279, 829] (0.0253904282115869 252)
[368, 381] (0.03244332493702771 322)
[368, 385] (0.02357682619647355 234)
[177, 275] (0.02297229219143577 228)
[217, 897] (0.0218639798488665 217)
[217, 895] (0.03324937027707808 330)
[283, 368] (0.034760705289672546 345)
[236, 419] (0.02075566750629723 206)
[183, 489] (0.0218639798488665 217)
[217, 890] (0.02982367758186398 296)
[236, 413] (0.02871536523929471 285)
[8, 45] (0.021662468513853905 215)
[294, 362] (0.025591939546599496 254)
[368, 377] (0.031335012594458436 311)
[294, 368] (0.03324937027707808 330)
[110, 914] (0.026801007556675062 266)
[368, 390] (0.02287153652392947 227)
[706, 720] (0.021662468513853905 215)
[198, 368] (0.0473551637279597 470)
[706, 722] (0.021763224181360202 216)
[665, 682] (0.020251889168765743 201)
[8, 120] (0.023879093198992445 237)
[205, 900] (0.02690176322418136 267)
[55, 362] (0.02871536523929471 285)
[112, 829] (0.026498740554156172 263)
[205, 914] (0.031234256926952142 310)
[205, 919] (0.02589420654911839 257)
[265, 489] (0.024080604534005037 239)
[419, 890] (0.02216624685138539 220)
[419, 893] (0.02367758186397985 235)
[419, 895] (0.02871536523929471 285)
[419, 897] (0.047254408060453404 469)
[283, 326] (0.02216624685138539 220)
[350, 368] (0.02841309823677582 282)
[8, 161] (0.02115869017632242 210)
[220, 674] (0.02065491183879093 205)
[205, 937] (0.02438287153652393 242)
[55, 326] (0.020554156171284636 204)
[419, 883] (0.03294710327455919 327)
[419, 886] (0.029521410579345087 293)
[419, 885] (0.03526448362720403 350)
[413, 914] (0.020856423173803526 207)
[217, 829] (0.043123425692695214 428)
[32, 368] (0.02659949622166247 264)
[120, 692] (0.02256926952141058 224)
[205, 944] (0.021662468513853905 215)
[316, 914] (0.02256926952141058 224)
[480, 722] (0.023375314861460956 232)
[480, 720] (0.021561712846347607 214)
[205, 956] (0.02831234256926952 281)
[460, 510] (0.022770780856423173 226)
[205, 966] (0.0327455919395466 325)
[780, 937] (0.020957178841309824 208)
[48, 910] (0.02136020151133501 212)
[450, 510] (0.02468513853904282 245)
[460, 529] (0.033350125944584384 331)
[279, 885] (0.021964735516372794 218)
[217, 819] (0.0218639798488665 217)
[55, 368] (0.03455919395465995 343)
[120, 682] (0.02035264483627204 202)
[450, 529] (0.025692695214105794 255)
[427, 982] (0.02035264483627204 202)
[205, 982] (0.023173803526448364 230)
[217, 820] (0.02327455919395466 231)
[205, 984] (0.024080604534005037 239)
[204, 692] (0.020856423173803526 207)
[12, 489] (0.026801007556675062 266)
[676, 766] (0.02287153652392947 227)
[956, 992] (0.021964735516372794 218)
[529, 752] (0.040201511335012596 399)
[487, 634] (0.020151133501259445 200)
[12, 480] (0.02297229219143577 228)
[529, 746] (0.03193954659949622 317)
[51, 368] (0.027506297229219143 273)
[477, 561] (0.022770780856423173 226)
[674, 829] (0.021662468513853905 215)
[752, 854] (0.020050377833753148 199)
[377, 529] (0.022670025188916875 225)
[529, 735] (0.021662468513853905 215)
[140, 597] (0.022065491183879092 219)
[145, 634] (0.023173803526448364 230)
[419, 862] (0.024181360201511334 240)
[614, 883] (0.020050377833753148 199)
[419, 854] (0.021561712846347607 214)
[529, 722] (0.030226700251889168 300)
[354, 897] (0.022367758186397985 222)
[769, 829] (0.021259445843828717 211)
[266, 766] (0.020050377833753148 199)
[354, 890] (0.02035264483627204 202)
[362, 510] (0.03345088161209068 332)
[294, 720] (0.028513853904282117 283)
[21, 368] (0.023073047858942066 229)
[204, 682] (0.022267002518891688 221)
[809, 913] (0.022670025188916875 225)
[529, 720] (0.03657430730478589 363)
[419, 867] (0.02045340050377834 203)
[72, 205] (0.0218639798488665 217)
[362, 509] (0.02045340050377834 203)
[110, 529] (0.025591939546599496 254)
[509, 876] (0.021561712846347607 214)
[477, 529] (0.02035264483627204 202)
[614, 829] (0.027909319899244334 277)
[54, 480] (0.027103274559193955 269)
[529, 706] (0.033753148614609575 335)
[752, 829] (0.03214105793450882 319)
[78, 897] (0.02216624685138539 220)
[854, 937] (0.02105793450881612 209)
[69, 720] (0.022267002518891688 221)
[161, 766] (0.021259445843828717 211)
[477, 510] (0.025994962216624687 258)
[110, 510] (0.0253904282115869 252)
[239, 510] (0.023778337531486147 236)
[809, 956] (0.032644836272040303 324)
[354, 368] (0.03415617128463476 339)
[684, 829] (0.022670025188916875 225)
[419, 829] (0.05118387909319899 508)
[217, 598] (0.020050377833753148 199)
[722, 937] (0.02327455919395466 231)
[294, 795] (0.021259445843828717 211)
[354, 829] (0.040100755667506295 398)
[362, 573] (0.02115869017632242 210)
[413, 510] (0.021964735516372794 218)
[48, 438] (0.02075566750629723 206)
[722, 956] (0.03586901763224181 356)
[413, 529] (0.033350125944584384 331)
[54, 419] (0.020554156171284636 204)
[155, 177] (0.02065491183879093 205)
[177, 809] (0.02760705289672544 274)
[362, 597] (0.020050377833753148 199)
[354, 800] (0.02659949622166247 264)
[722, 966] (0.02327455919395466 231)
[71, 510] (0.02115869017632242 210)
[48, 419] (0.020856423173803526 207)
[71, 529] (0.031032745591939546 308)
[346, 419] (0.022367758186397985 222)
[913, 914] (0.021259445843828717 211)
[766, 829] (0.042821158690176324 425)
[766, 826] (0.02216624685138539 220)
[766, 820] (0.02065491183879093 205)
[177, 829] (0.0328463476070529 326)
[362, 538] (0.02065491183879093 205)
[766, 862] (0.030025188916876576 298)
[450, 919] (0.02397984886649874 238)
[529, 797] (0.024282115869017632 241)
[529, 795] (0.025994962216624687 258)
[129, 217] (0.022065491183879092 219)
[413, 572] (0.021561712846347607 214)
[217, 541] (0.03204030226700252 318)
[354, 885] (0.02045340050377834 203)
[362, 529] (0.03244332493702771 322)
[294, 758] (0.022267002518891688 221)
[766, 854] (0.024080604534005037 239)
[354, 883] (0.021763224181360202 216)
[450, 914] (0.02146095717884131 213)
[529, 785] (0.02982367758186398 296)
[641, 895] (0.024181360201511334 240)
[529, 784] (0.021763224181360202 216)
[956, 966] (0.023375314861460956 232)
[766, 883] (0.03657430730478589 363)
[294, 766] (0.0327455919395466 325)
[145, 682] (0.026498740554156172 263)
[145, 686] (0.021561712846347607 214)
[31, 914] (0.022670025188916875 225)
[766, 885] (0.021259445843828717 211)
[529, 775] (0.030226700251889168 300)
[326, 897] (0.02045340050377834 203)
[413, 538] (0.024785894206549117 246)
[217, 571] (0.025289672544080606 251)
[198, 529] (0.02136020151133501 212)
[752, 883] (0.02045340050377834 203)
[204, 634] (0.02115869017632242 210)
[21, 937] (0.02216624685138539 220)
[151, 294] (0.021259445843828717 211)
[145, 676] (0.020050377833753148 199)
[217, 561] (0.03093198992443325 307)
[529, 766] (0.03929471032745592 390)
[913, 956] (0.025692695214105794 255)
[362, 541] (0.02075566750629723 206)
[368, 890] (0.031032745591939546 308)
[8, 829] (0.03163727959697733 314)
[368, 895] (0.04644836272040302 461)
[177, 854] (0.02045340050377834 203)
[368, 893] (0.029521410579345087 293)
[450, 829] (0.027707808564231738 275)
[55, 682] (0.024987405541561713 248)
[368, 897] (0.04181360201511335 415)
[55, 692] (0.02287153652392947 227)
[460, 489] (0.025994962216624687 258)
[719, 895] (0.02105793450881612 209)
[368, 883] (0.038690176322418134 384)
[71, 489] (0.02508816120906801 249)
[368, 885] (0.023879093198992445 237)
[70, 419] (0.036070528967254406 358)
[368, 886] (0.03173803526448363 315)
[177, 862] (0.027808564231738036 276)
[368, 888] (0.02216624685138539 220)
[283, 489] (0.02297229219143577 228)
[308, 368] (0.020251889168765743 201)
[766, 775] (0.02075566750629723 206)
[217, 510] (0.03848866498740554 382)
[27, 883] (0.02136020151133501 212)
[73, 692] (0.026397984886649874 262)
[346, 368] (0.027002518891687657 268)
[368, 871] (0.02216624685138539 220)
[766, 785] (0.021259445843828717 211)
[217, 529] (0.04876574307304786 484)
[283, 470] (0.021259445843828717 211)
[368, 860] (0.03224181360201511 320)
[368, 862] (0.02841309823677582 282)
[283, 468] (0.02065491183879093 205)
[217, 538] (0.02035264483627204 202)
[766, 795] (0.023173803526448364 230)
[766, 797] (0.025591939546599496 254)
[71, 450] (0.02075566750629723 206)
[12, 70] (0.023375314861460956 232)
[32, 217] (0.026801007556675062 266)
[296, 419] (0.020957178841309824 208)
[177, 890] (0.02327455919395466 231)
[234, 510] (0.0218639798488665 217)
[641, 937] (0.021662468513853905 215)
[368, 854] (0.027808564231738036 276)
[326, 968] (0.024785894206549117 246)
[354, 914] (0.022670025188916875 225)
[32, 205] (0.026801007556675062 266)
[362, 489] (0.02146095717884131 213)
[27, 893] (0.023173803526448364 230)
[151, 205] (0.022468513853904283 223)
[70, 450] (0.02136020151133501 212)
[73, 631] (0.02105793450881612 209)
[198, 450] (0.021763224181360202 216)
[151, 217] (0.028211586901763223 280)
[71, 438] (0.03143576826196474 312)
[192, 419] (0.022468513853904283 223)
[21, 897] (0.022065491183879092 219)
[480, 897] (0.03324937027707808 330)
[368, 829] (0.0689168765743073 684)
[722, 914] (0.025994962216624687 258)
[368, 826] (0.023073047858942066 229)
[368, 820] (0.024785894206549117 246)
[122, 145] (0.021259445843828717 211)
[663, 829] (0.031133501259445844 309)
[722, 918] (0.021259445843828717 211)
[480, 829] (0.033047858942065494 328)
[720, 937] (0.025491183879093198 253)
[175, 368] (0.021964735516372794 218)
[280, 854] (0.020856423173803526 207)
[207, 576] (0.02579345088161209 256)
[368, 814] (0.02619647355163728 260)
[438, 470] (0.027204030226700253 270)
[368, 809] (0.024483627204030228 243)
[161, 720] (0.020856423173803526 207)
[161, 722] (0.021964735516372794 218)
[205, 339] (0.024987405541561713 248)
[438, 460] (0.026397984886649874 262)
[368, 800] (0.03385390428211587 336)
[279, 766] (0.024584382871536525 244)
[419, 795] (0.029924433249370278 297)
[183, 529] (0.020957178841309824 208)
[419, 797] (0.0291183879093199 289)
[720, 914] (0.025692695214105794 255)
[279, 775] (0.021763224181360202 216)
[8, 895] (0.029319899244332495 291)
[205, 368] (0.05188916876574307 515)
[112, 217] (0.02357682619647355 234)
[450, 885] (0.02297229219143577 228)
[450, 883] (0.030025188916876576 298)
[438, 450] (0.021763224181360202 216)
[32, 239] (0.020957178841309824 208)
[280, 829] (0.02589420654911839 257)
[484, 883] (0.02841309823677582 282)
[205, 362] (0.027204030226700253 270)
[450, 890] (0.022770780856423173 226)
[8, 883] (0.02367758186397985 235)
[12, 419] (0.03738035264483627 371)
[140, 510] (0.03193954659949622 317)
[480, 854] (0.023879093198992445 237)
[205, 350] (0.02136020151133501 212)
[419, 766] (0.04070528967254408 404)
[140, 529] (0.02871536523929471 285)
[12, 438] (0.020856423173803526 207)
[809, 883] (0.020151133501259445 200)
[419, 746] (0.02035264483627204 202)
[93, 692] (0.022770780856423173 226)
[283, 438] (0.027405541561712845 272)
[419, 752] (0.030730478589420653 305)
[676, 720] (0.02397984886649874 238)
[663, 897] (0.020251889168765743 201)
[720, 982] (0.020957178841309824 208)
[438, 494] (0.033350125944584384 331)
[46, 368] (0.024181360201511334 240)
[68, 110] (0.02397984886649874 238)
[720, 956] (0.022770780856423173 226)
[676, 752] (0.02287153652392947 227)
[12, 450] (0.023173803526448364 230)
[140, 541] (0.022770780856423173 226)
[438, 480] (0.020554156171284636 204)
[46, 354] (0.023778337531486147 236)
[438, 489] (0.04161209068010076 413)
[720, 966] (0.022065491183879092 219)
[283, 419] (0.02801007556675063 278)
[687, 694] (0.02115869017632242 210)
[283, 413] (0.02216624685138539 220)
[419, 775] (0.024282115869017632 241)
[265, 368] (0.021259445843828717 211)
[366, 529] (0.020050377833753148 199)
[145, 766] (0.02216624685138539 220)
[529, 862] (0.032544080604534 323)
[204, 541] (0.02579345088161209 256)
[674, 722] (0.020856423173803526 207)
[110, 676] (0.026700251889168764 265)
[381, 914] (0.02035264483627204 202)
[419, 720] (0.039798488664987405 395)
[692, 914] (0.035768261964735516 355)
[529, 854] (0.037783375314861464 375)
[419, 722] (0.03788413098236776 376)
[614, 766] (0.026700251889168764 265)
[316, 345] (0.02146095717884131 213)
[862, 956] (0.02045340050377834 203)
[529, 844] (0.022670025188916875 225)
[694, 775] (0.020856423173803526 207)
[234, 368] (0.020856423173803526 207)
[529, 886] (0.028110831234256926 279)
[438, 510] (0.04161209068010076 413)
[529, 883] (0.044836272040302265 445)
[529, 885] (0.02065491183879093 205)
[115, 919] (0.023476070528967254 233)
[140, 438] (0.020554156171284636 204)
[145, 795] (0.02518891687657431 250)
[694, 766] (0.024584382871536525 244)
[820, 829] (0.021964735516372794 218)
[692, 937] (0.035062972292191436 348)
[120, 362] (0.025994962216624687 258)
[115, 217] (0.021561712846347607 214)
[438, 529] (0.04564231738035265 453)
[145, 775] (0.020957178841309824 208)
[752, 982] (0.022670025188916875 225)
[120, 368] (0.04695214105793451 466)
[110, 682] (0.029017632241813602 288)
[362, 611] (0.02609571788413098 259)
[487, 510] (0.021964735516372794 218)
[694, 752] (0.024886649874055415 247)
[381, 956] (0.020957178841309824 208)
[145, 720] (0.020957178841309824 208)
[145, 722] (0.021259445843828717 211)
[72, 368] (0.027204030226700253 270)
[692, 956] (0.029622166246851385 294)
[477, 676] (0.027909319899244334 277)
[205, 266] (0.020251889168765743 201)
[752, 937] (0.022267002518891688 221)
[529, 819] (0.02619647355163728 260)
[766, 919] (0.025491183879093198 253)
[766, 918] (0.021561712846347607 214)
[766, 914] (0.03727959697732997 370)
[487, 529] (0.02136020151133501 212)
[279, 682] (0.020151133501259445 200)
[809, 829] (0.024584382871536525 244)
[529, 800] (0.026397984886649874 262)
[438, 541] (0.020554156171284636 204)
[529, 804] (0.02841309823677582 282)
[69, 829] (0.020251889168765743 201)
[675, 914] (0.023173803526448364 230)
[692, 966] (0.02287153652392947 227)
[529, 809] (0.024181360201511334 240)
[403, 529] (0.02115869017632242 210)
[161, 897] (0.02075566750629723 206)
[316, 368] (0.027204030226700253 270)
[145, 736] (0.020151133501259445 200)
[676, 692] (0.02508816120906801 249)
[529, 829] (0.054307304785894205 539)
[529, 826] (0.02075566750629723 206)
[350, 510] (0.0218639798488665 217)
[766, 966] (0.02589420654911839 257)
[198, 682] (0.020151133501259445 200)
[413, 641] (0.022065491183879092 219)
[132, 766] (0.024886649874055415 247)
[346, 541] (0.020957178841309824 208)
[766, 956] (0.030025188916876576 298)
[276, 529] (0.02589420654911839 257)
[350, 529] (0.02518891687657431 250)
[177, 914] (0.020151133501259445 200)
[766, 944] (0.02065491183879093 205)
[876, 966] (0.022670025188916875 225)
[346, 510] (0.028211586901763223 280)
[354, 956] (0.02065491183879093 205)
[675, 937] (0.028614609571788414 284)
[362, 692] (0.023073047858942066 229)
[766, 937] (0.03083123425692695 306)
[294, 676] (0.02136020151133501 212)
[362, 682] (0.028513853904282117 283)
[862, 914] (0.028110831234256926 279)
[862, 919] (0.020856423173803526 207)
[413, 682] (0.02216624685138539 220)
[529, 890] (0.030226700251889168 300)
[362, 676] (0.02589420654911839 257)
[266, 692] (0.02367758186397985 235)
[883, 982] (0.02690176322418136 267)
[529, 895] (0.028816120906801006 286)
[529, 893] (0.021662468513853905 215)
[217, 692] (0.034055415617128465 338)
[529, 897] (0.029722921914357683 295)
[38, 829] (0.02115869017632242 210)
[177, 956] (0.02136020151133501 212)
[766, 998] (0.024584382871536525 244)
[204, 510] (0.024886649874055415 247)
[294, 611] (0.025591939546599496 254)
[17, 217] (0.02035264483627204 202)
[362, 663] (0.021763224181360202 216)
[217, 682] (0.03586901763224181 356)
[766, 982] (0.021561712846347607 214)
[204, 529] (0.02508816120906801 249)
[217, 676] (0.024584382871536525 244)
[217, 675] (0.03052896725440806 303)
[176, 368] (0.024181360201511334 240)
[8, 914] (0.025591939546599496 254)
[784, 895] (0.021964735516372794 218)
[229, 766] (0.022468513853904283 223)
[883, 966] (0.021561712846347607 214)
[8, 919] (0.020957178841309824 208)
[829, 897] (0.034760705289672546 345)
[829, 895] (0.035365239294710325 351)
[8, 937] (0.02367758186397985 235)
[720, 862] (0.022267002518891688 221)
[829, 893] (0.027707808564231738 275)
[628, 914] (0.020050377833753148 199)
[368, 992] (0.026801007556675062 266)
[192, 529] (0.02287153652392947 227)
[509, 900] (0.02105793450881612 209)
[720, 883] (0.027506297229219143 273)
[900, 966] (0.022367758186397985 222)
[675, 886] (0.0218639798488665 217)
[663, 998] (0.020554156171284636 204)
[766, 895] (0.029017632241813602 288)
[720, 895] (0.027103274559193955 269)
[766, 893] (0.030226700251889168 300)
[766, 890] (0.024987405541561713 248)
[236, 956] (0.02357682619647355 234)
[766, 897] (0.028614609571788414 284)
[345, 529] (0.024080604534005037 239)
[55, 71] (0.022367758186397985 222)
[720, 897] (0.028816120906801006 286)
[494, 510] (0.022267002518891688 221)
[8, 956] (0.021763224181360202 216)
[641, 829] (0.021964735516372794 218)
[829, 854] (0.021763224181360202 216)
[368, 967] (0.02397984886649874 238)
[368, 966] (0.02942065491183879 292)
[236, 937] (0.02075566750629723 206)
[217, 614] (0.02216624685138539 220)
[12, 510] (0.03052896725440806 303)
[27, 71] (0.02035264483627204 202)
[829, 862] (0.030327455919395466 301)
[368, 956] (0.04090680100755668 406)
[368, 952] (0.023879093198992445 237)
[55, 529] (0.031335012594458436 311)
[339, 829] (0.022770780856423173 226)
[346, 438] (0.025692695214105794 255)
[55, 510] (0.04513853904282116 448)
[368, 983] (0.02609571788413098 259)
[368, 982] (0.031234256926952142 310)
[829, 885] (0.02518891687657431 250)
[829, 886] (0.03244332493702771 322)
[829, 883] (0.03314861460957179 329)
[368, 972] (0.022468513853904283 223)
[522, 682] (0.022770780856423173 226)
[73, 766] (0.022770780856423173 226)
[829, 890] (0.030025188916876576 298)
[450, 752] (0.023879093198992445 237)
[368, 921] (0.022468513853904283 223)
[120, 438] (0.029017632241813602 288)
[283, 510] (0.034357682619647355 341)
[419, 694] (0.029017632241813602 288)
[368, 918] (0.04292191435768262 426)
[419, 692] (0.031133501259445844 309)
[368, 919] (0.037783375314861464 375)
[93, 541] (0.022267002518891688 221)
[368, 914] (0.05551637279596977 551)
[21, 72] (0.023173803526448364 230)
[78, 829] (0.02357682619647355 234)
[205, 229] (0.022367758186397985 222)
[368, 913] (0.03083123425692695 306)
[509, 989] (0.022670025188916875 225)
[161, 883] (0.024785894206549117 246)
[419, 682] (0.0327455919395466 325)
[795, 956] (0.02357682619647355 234)
[450, 766] (0.035465994962216627 352)
[529, 914] (0.04070528967254408 404)
[368, 947] (0.02579345088161209 256)
[529, 913] (0.020554156171284636 204)
[205, 217] (0.03385390428211587 336)
[368, 949] (0.020251889168765743 201)
[529, 918] (0.024785894206549117 246)
[120, 419] (0.03052896725440806 303)
[368, 944] (0.022267002518891688 221)
[112, 368] (0.031133501259445844 309)
[283, 541] (0.020856423173803526 207)
[598, 989] (0.02297229219143577 228)
[419, 675] (0.02659949622166247 264)
[419, 676] (0.034055415617128465 338)
[862, 883] (0.027204030226700253 270)
[480, 956] (0.02438287153652393 242)
[529, 919] (0.03163727959697733 314)
[593, 676] (0.022468513853904283 223)
[419, 674] (0.025491183879093198 253)
[70, 368] (0.03052896725440806 303)
[205, 207] (0.024483627204030228 243)
[73, 720] (0.02287153652392947 227)
[12, 529] (0.031133501259445844 309)
[368, 937] (0.053602015113350124 532)
[752, 914] (0.020957178841309824 208)
[93, 529] (0.023778337531486147 236)
[419, 663] (0.021259445843828717 211)
[480, 966] (0.022267002518891688 221)
[509, 966] (0.02327455919395466 231)
[540, 829] (0.020050377833753148 199)
[283, 529] (0.034659949622166245 344)
[377, 494] (0.02115869017632242 210)
[419, 661] (0.021662468513853905 215)
[720, 829] (0.03314861460957179 329)
[480, 937] (0.02297229219143577 228)
[316, 438] (0.02256926952141058 224)
[140, 413] (0.022468513853904283 223)
[900, 989] (0.020957178841309824 208)
[377, 419] (0.024785894206549117 246)
[598, 966] (0.027204030226700253 270)
[377, 438] (0.027707808564231738 275)
[192, 368] (0.02438287153652393 242)
[140, 419] (0.03858942065491184 383)
[120, 487] (0.02297229219143577 228)
[674, 766] (0.022670025188916875 225)
[373, 829] (0.02327455919395466 231)
[316, 419] (0.020554156171284636 204)
[480, 914] (0.023073047858942066 229)
[316, 413] (0.02065491183879093 205)
[854, 895] (0.020251889168765743 201)
[419, 634] (0.02035264483627204 202)
[419, 614] (0.022367758186397985 222)
[161, 829] (0.030327455919395466 301)
[39, 368] (0.029319899244332495 291)
[12, 573] (0.020050377833753148 199)
[424, 956] (0.025491183879093198 253)
[217, 368, 529] (0.021259445843828717 211)
[368, 895, 937] (0.022267002518891688 221)
[368, 529, 692] (0.023073047858942066 229)
[368, 529, 829] (0.02105793450881612 209)
[368, 489, 682] (0.022670025188916875 225)
[198, 368, 937] (0.022468513853904283 223)
