[1] (0.07122507122507123 150)
[2] (0.04985754985754986 105)
[3] (0.046058879392212725 97)
[4] (0.06125356125356125 129)
[5] (0.032288698955365625 68)
[6] (0.032288698955365625 68)
[8] (0.13295346628679963 280)
[10] (0.03181386514719848 67)
[12] (0.13200379867046533 278)
[15] (0.020892687559354226 44)
[16] (0.0251661918328585 53)
[17] (0.056505223171889836 119)
[18] (0.024216524216524215 51)
[21] (0.10446343779677113 220)
[22] (0.03133903133903134 66)
[24] (0.05128205128205128 108)
[25] (0.08072174738841406 170)
[26] (0.054605887939221276 115)
[27] (0.07407407407407407 156)
[28] (0.05080721747388414 107)
[31] (0.08831908831908832 186)
[32] (0.10398860398860399 219)
[33] (0.048907882241215575 103)
[35] (0.0754985754985755 159)
[36] (0.026115859449192782 55)
[38] (0.08879392212725547 187)
[39] (0.08879392212725547 187)
[41] (0.029439696106362774 62)
[43] (0.08404558404558404 177)
[44] (0.029914529914529916 63)
[45] (0.07075023741690409 149)
[46] (0.0892687559354226 188)
[48] (0.07929724596391263 167)
[51] (0.0778727445394112 164)
[52] (0.026590693257359924 56)
[53] (0.06125356125356125 129)
[54] (0.09354226020892688 197)
[55] (0.12773029439696107 269)
[57] (0.0446343779677113 94)
[58] (0.05413105413105413 114)
[59] (0.024691358024691357 52)
[64] (0.023741690408357077 50)
[66] (0.02564102564102564 54)
[68] (0.05555555555555555 117)
[69] (0.08736942070275404 184)
[70] (0.11158594491927826 235)
[71] (0.1452991452991453 306)
[72] (0.1177587844254511 248)
[73] (0.11063627730294397 233)
[74] (0.03181386514719848 67)
[75] (0.03466286799620133 73)
[77] (0.024216524216524215 51)
[78] (0.0698005698005698 147)
[82] (0.06600189933523266 139)
[85] (0.05128205128205128 108)
[86] (0.02231718898385565 47)
[88] (0.048907882241215575 103)
[89] (0.03798670465337132 80)
[90] (0.027065527065527065 57)
[93] (0.0949667616334283 200)
[95] (0.024691358024691357 52)
[96] (0.039886039886039885 84)
[97] (0.08072174738841406 170)
[98] (0.027540360873694207 58)
[100] (0.06600189933523266 139)
[102] (0.046058879392212725 97)
[104] (0.060778727445394115 128)
[105] (0.032288698955365625 68)
[108] (0.03418803418803419 72)
[110] (0.12393162393162394 261)
[111] (0.06315289648622982 133)
[112] (0.1030389363722697 217)
[114] (0.06125356125356125 129)
[115] (0.10113960113960115 213)
[116] (0.06172839506172839 130)
[117] (0.03466286799620133 73)
[118] (0.08214624881291548 173)
[120] (0.14482431149097816 305)
[121] (0.023266856600189935 49)
[122] (0.0754985754985755 159)
[125] (0.05413105413105413 114)
[126] (0.024691358024691357 52)
[127] (0.0641025641025641 135)
[129] (0.06505223171889839 137)
[130] (0.07502374169040836 158)
[132] (0.08879392212725547 187)
[136] (0.020417853751187084 43)
[137] (0.026590693257359924 56)
[138] (0.0365622032288699 77)
[140] (0.1258309591642925 265)
[141] (0.06362773029439696 134)
[142] (0.056505223171889836 119)
[143] (0.04131054131054131 87)
[145] (0.16666666666666666 351)
[146] (0.024691358024691357 52)
[147] (0.030389363722697058 64)
[151] (0.13010446343779677 274)
[154] (0.052231718898385564 110)
[155] (0.056505223171889836 119)
[157] (0.043209876543209874 91)
[158] (0.05318138651471985 112)
[159] (0.06220322886989554 131)
[160] (0.029439696106362774 62)
[161] (0.11585944919278253 244)
[162] (0.051756885090218425 109)
[163] (0.03418803418803419 72)
[165] (0.045584045584045586 96)
[168] (0.059354226020892686 125)
[170] (0.026590693257359924 56)
[171] (0.05982905982905983 126)
[172] (0.04368471035137702 92)
[173] (0.032288698955365625 68)
[175] (0.06505223171889839 137)
[176] (0.03513770180436847 74)
[177] (0.14007597340930675 295)
[180] (0.042735042735042736 90)
[181] (0.037037037037037035 78)
[182] (0.022792022792022793 48)
[183] (0.09211775878442545 194)
[185] (0.050332383665717 106)
[186] (0.02564102564102564 54)
[187] (0.03418803418803419 72)
[192] (0.08594491927825261 181)
[193] (0.03941120607787275 83)
[194] (0.04226020892687559 89)
[196] (0.09021842355175688 190)
[197] (0.08262108262108261 174)
[198] (0.09544159544159544 201)
[201] (0.052231718898385564 110)
[203] (0.027540360873694207 58)
[204] (0.1315289648622982 277)
[205] (0.15527065527065528 327)
[207] (0.0788224121557455 166)
[208] (0.037037037037037035 78)
[210] (0.042735042735042736 90)
[212] (0.039886039886039885 84)
[214] (0.028964862298195632 61)
[215] (0.03133903133903134 66)
[216] (0.030864197530864196 65)
[217] (0.18566001899335233 391)
[220] (0.07407407407407407 156)
[222] (0.023266856600189935 49)
[223] (0.021367521367521368 45)
[224] (0.03276353276353276 69)
[226] (0.039886039886039885 84)
[227] (0.07834757834757834 165)
[229] (0.1063627730294397 224)
[230] (0.023741690408357077 50)
[234] (0.08072174738841406 170)
[236] (0.10778727445394112 227)
[239] (0.10731244064577398 226)
[240] (0.032288698955365625 68)
[241] (0.021367521367521368 45)
[242] (0.0892687559354226 188)
[243] (0.03181386514719848 67)
[249] (0.03276353276353276 69)
[254] (0.04368471035137702 92)
[256] (0.03751187084520418 79)
[257] (0.020892687559354226 44)
[258] (0.056505223171889836 119)
[259] (0.06885090218423552 145)
[263] (0.03276353276353276 69)
[265] (0.060778727445394115 128)
[266] (0.09021842355175688 190)
[268] (0.029914529914529916 63)
[272] (0.029439696106362774 62)
[273] (0.024216524216524215 51)
[274] (0.05413105413105413 114)
[275] (0.06742640075973409 142)
[276] (0.09069325735992402 191)
[278] (0.02564102564102564 54)
[279] (0.1120607787274454 236)
[280] (0.09449192782526115 199)
[283] (0.14577397910731243 307)
[285] (0.048907882241215575 103)
[290] (0.06125356125356125 129)
[294] (0.11918328584995251 251)
[295] (0.020417853751187084 43)
[296] (0.06505223171889839 137)
[298] (0.050332383665717 106)
[299] (0.04036087369420703 85)
[300] (0.04415954415954416 93)
[304] (0.03513770180436847 74)
[307] (0.03276353276353276 69)
[308] (0.056505223171889836 119)
[309] (0.021367521367521368 45)
[310] (0.05555555555555555 117)
[311] (0.0251661918328585 53)
[314] (0.030389363722697058 64)
[315] (0.020417853751187084 43)
[316] (0.0835707502374169 176)
[318] (0.02231718898385565 47)
[319] (0.06837606837606838 144)
[320] (0.030864197530864196 65)
[321] (0.043209876543209874 91)
[322] (0.08072174738841406 170)
[326] (0.09829059829059829 207)
[327] (0.022792022792022793 48)
[328] (0.03751187084520418 79)
[332] (0.033713200379867046 71)
[333] (0.024691358024691357 52)
[334] (0.07454890788224122 157)
[335] (0.039886039886039885 84)
[336] (0.038461538461538464 81)
[338] (0.039886039886039885 84)
[339] (0.07407407407407407 156)
[343] (0.0754985754985755 159)
[345] (0.06030389363722697 127)
[346] (0.10351377018043685 218)
[347] (0.06030389363722697 127)
[348] (0.06457739791073125 136)
[349] (0.07027540360873694 148)
[350] (0.09734093067426401 205)
[351] (0.06790123456790123 143)
[352] (0.03466286799620133 73)
[354] (0.1291547958214625 272)
[355] (0.04036087369420703 85)
[357] (0.04036087369420703 85)
[358] (0.026115859449192782 55)
[361] (0.03941120607787275 83)
[362] (0.14245014245014245 300)
[364] (0.03513770180436847 74)
[366] (0.05887939221272555 124)
[368] (0.2858499525166192 602)
[369] (0.022792022792022793 48)
[371] (0.030389363722697058 64)
[373] (0.09164292497625831 193)
[374] (0.028964862298195632 61)
[375] (0.04415954415954416 93)
[376] (0.03133903133903134 66)
[377] (0.09686609686609686 204)
[378] (0.03513770180436847 74)
[379] (0.024216524216524215 51)
[381] (0.12155745489078823 256)
[385] (0.0584045584045584 123)
[387] (0.0560303893637227 118)
[390] (0.0788224121557455 166)
[392] (0.04748338081671415 100)
[394] (0.02184235517568851 46)
[395] (0.04415954415954416 93)
[397] (0.02849002849002849 60)
[400] (0.021367521367521368 45)
[401] (0.12060778727445394 254)
[402] (0.026590693257359924 56)
[403] (0.05318138651471985 112)
[405] (0.0731244064577398 154)
[407] (0.030864197530864196 65)
[408] (0.0731244064577398 154)
[411] (0.06220322886989554 131)
[412] (0.06837606837606838 144)
[413] (0.1267806267806268 267)
[414] (0.06030389363722697 127)
[415] (0.030864197530864196 65)
[417] (0.051756885090218425 109)
[418] (0.021367521367521368 45)
[419] (0.19373219373219372 408)
[421] (0.04795821462488129 101)
[422] (0.04036087369420703 85)
[423] (0.03133903133903134 66)
[424] (0.07027540360873694 148)
[427] (0.10208926875593542 215)
[428] (0.0251661918328585 53)
[430] (0.043209876543209874 91)
[432] (0.03608736942070275 76)
[436] (0.026115859449192782 55)
[437] (0.027065527065527065 57)
[438] (0.18518518518518517 390)
[440] (0.06505223171889839 137)
[443] (0.04985754985754986 105)
[447] (0.03276353276353276 69)
[448] (0.027540360873694207 58)
[449] (0.04748338081671415 100)
[450] (0.13865147198480532 292)
[453] (0.026590693257359924 56)
[456] (0.030864197530864196 65)
[458] (0.032288698955365625 68)
[459] (0.024216524216524215 51)
[460] (0.12535612535612536 264)
[461] (0.04083570750237417 86)
[464] (0.03323836657169991 70)
[467] (0.06600189933523266 139)
[468] (0.04083570750237417 86)
[469] (0.030389363722697058 64)
[470] (0.1291547958214625 272)
[471] (0.03323836657169991 70)
[472] (0.07739791073124407 163)
[474] (0.05318138651471985 112)
[477] (0.09449192782526115 199)
[478] (0.02564102564102564 54)
[480] (0.14387464387464388 303)
[481] (0.022792022792022793 48)
[482] (0.02184235517568851 46)
[484] (0.07739791073124407 163)
[486] (0.039886039886039885 84)
[487] (0.1111111111111111 234)
[489] (0.19230769230769232 405)
[490] (0.04131054131054131 87)
[492] (0.04748338081671415 100)
[494] (0.09211775878442545 194)
[496] (0.054605887939221276 115)
[503] (0.020417853751187084 43)
[504] (0.03466286799620133 73)
[505] (0.04938271604938271 104)
[507] (0.04938271604938271 104)
[509] (0.100664767331434 212)
[510] (0.21604938271604937 455)
[511] (0.03608736942070275 76)
[512] (0.02564102564102564 54)
[513] (0.04843304843304843 102)
[515] (0.02184235517568851 46)
[516] (0.04938271604938271 104)
[517] (0.023266856600189935 49)
[521] (0.027065527065527065 57)
[522] (0.0778727445394112 164)
[523] (0.05698005698005698 120)
[525] (0.033713200379867046 71)
[526] (0.0721747388414055 152)
[527] (0.05080721747388414 107)
[528] (0.03418803418803419 72)
[529] (0.2336182336182336 492)
[530] (0.028964862298195632 61)
[534] (0.04226020892687559 89)
[536] (0.03466286799620133 73)
[537] (0.0446343779677113 94)
[538] (0.11490978157644824 242)
[540] (0.06932573599240266 146)
[541] (0.10921177587844255 230)
[544] (0.030389363722697058 64)
[548] (0.08452041785375118 178)
[550] (0.07644824311490978 161)
[553] (0.03133903133903134 66)
[554] (0.0788224121557455 166)
[556] (0.02184235517568851 46)
[557] (0.02564102564102564 54)
[558] (0.033713200379867046 71)
[561] (0.08452041785375118 178)
[562] (0.030389363722697058 64)
[563] (0.030389363722697058 64)
[567] (0.06837606837606838 144)
[568] (0.043209876543209874 91)
[569] (0.05270655270655271 111)
[571] (0.09021842355175688 190)
[572] (0.07027540360873694 148)
[573] (0.0835707502374169 176)
[574] (0.07075023741690409 149)
[575] (0.04415954415954416 93)
[576] (0.07169990503323836 151)
[577] (0.04653371320037987 98)
[578] (0.06030389363722697 127)
[579] (0.09164292497625831 193)
[580] (0.028964862298195632 61)
[581] (0.0698005698005698 147)
[583] (0.05365622032288699 113)
[585] (0.05318138651471985 112)
[588] (0.037037037037037035 78)
[592] (0.024691358024691357 52)
[593] (0.1030389363722697 217)
[594] (0.04226020892687559 89)
[595] (0.029439696106362774 62)
[597] (0.11870845204178537 250)
[598] (0.09069325735992402 191)
[600] (0.02231718898385565 47)
[601] (0.033713200379867046 71)
[602] (0.039886039886039885 84)
[605] (0.04226020892687559 89)
[606] (0.08452041785375118 178)
[608] (0.027065527065527065 57)
[610] (0.020417853751187084 43)
[611] (0.05365622032288699 113)
[612] (0.04178537511870845 88)
[614] (0.08594491927825261 181)
[617] (0.04226020892687559 89)
[618] (0.06030389363722697 127)
[620] (0.045584045584045586 96)
[622] (0.02801519468186135 59)
[623] (0.06362773029439696 134)
[624] (0.046058879392212725 97)
[625] (0.0251661918328585 53)
[628] (0.07027540360873694 148)
[629] (0.0721747388414055 152)
[630] (0.027065527065527065 57)
[631] (0.09069325735992402 191)
[633] (0.020892687559354226 44)
[634] (0.10588793922127256 223)
[638] (0.04985754985754986 105)
[639] (0.07502374169040836 158)
[640] (0.04795821462488129 101)
[641] (0.05318138651471985 112)
[642] (0.029914529914529916 63)
[647] (0.04368471035137702 92)
[649] (0.042735042735042736 90)
[651] (0.03798670465337132 80)
[653] (0.059354226020892686 125)
[655] (0.04131054131054131 87)
[656] (0.02231718898385565 47)
[657] (0.04938271604938271 104)
[658] (0.07359924026590693 155)
[659] (0.038461538461538464 81)
[661] (0.08641975308641975 182)
[662] (0.028964862298195632 61)
[663] (0.10351377018043685 218)
[665] (0.04985754985754986 105)
[666] (0.027065527065527065 57)
[671] (0.02564102564102564 54)
[673] (0.042735042735042736 90)
[674] (0.1063627730294397 224)
[675] (0.11918328584995251 251)
[676] (0.11490978157644824 242)
[678] (0.04226020892687559 89)
[680] (0.02564102564102564 54)
[681] (0.03133903133903134 66)
[682] (0.1737891737891738 366)
[684] (0.100664767331434 212)
[685] (0.026115859449192782 55)
[686] (0.07739791073124407 163)
[687] (0.08262108262108261 174)
[688] (0.03133903133903134 66)
[689] (0.03561253561253561 75)
[690] (0.04178537511870845 88)
[691] (0.023741690408357077 50)
[692] (0.15716999050332384 331)
[694] (0.12630579297245964 266)
[697] (0.03941120607787275 83)
[701] (0.06267806267806268 132)
[703] (0.021367521367521368 45)
[705] (0.04036087369420703 85)
[706] (0.10018993352326686 211)
[707] (0.05413105413105413 114)
[710] (0.055080721747388414 116)
[711] (0.05318138651471985 112)
[712] (0.0641025641025641 135)
[715] (0.03323836657169991 70)
[716] (0.02801519468186135 59)
[718] (0.03181386514719848 67)
[719] (0.055080721747388414 116)
[720] (0.14909781576448244 314)
[722] (0.16809116809116809 354)
[723] (0.030389363722697058 64)
[725] (0.02231718898385565 47)
[730] (0.023741690408357077 50)
[732] (0.043209876543209874 91)
[733] (0.04036087369420703 85)
[735] (0.06125356125356125 129)
[736] (0.08879392212725547 187)
[738] (0.06790123456790123 143)
[740] (0.032288698955365625 68)
[741] (0.02184235517568851 46)
[742] (0.04843304843304843 102)
[744] (0.030864197530864196 65)
[745] (0.054605887939221276 115)
[746] (0.08547008547008547 180)
[749] (0.03418803418803419 72)
[750] (0.027540360873694207 58)
[752] (0.13817663817663817 291)
[753] (0.028964862298195632 61)
[758] (0.0811965811965812 171)
[759] (0.027540360873694207 58)
[760] (0.024216524216524215 51)
[763] (0.06885090218423552 145)
[764] (0.024691358024691357 52)
[765] (0.021367521367521368 45)
[766] (0.16999050332383667 358)
[769] (0.07359924026590693 155)
[771] (0.05128205128205128 108)
[775] (0.1339031339031339 282)
[777] (0.02849002849002849 60)
[778] (0.0788224121557455 166)
[779] (0.027540360873694207 58)
[780] (0.05128205128205128 108)
[782] (0.0731244064577398 154)
[783] (0.021367521367521368 45)
[784] (0.07075023741690409 149)
[785] (0.09686609686609686 204)
[788] (0.05318138651471985 112)
[789] (0.07597340930674264 160)
[790] (0.04843304843304843 102)
[792] (0.05413105413105413 114)
[793] (0.06885090218423552 145)
[794] (0.033713200379867046 71)
[795] (0.10778727445394112 227)
[797] (0.11490978157644824 242)
[798] (0.0584045584045584 123)
[800] (0.10351377018043685 218)
[801] (0.029914529914529916 63)
[803] (0.05270655270655271 111)
[804] (0.07644824311490978 161)
[805] (0.045584045584045586 96)
[807] (0.04036087369420703 85)
[809] (0.10161443494776828 214)
[811] (0.027065527065527065 57)
[812] (0.05128205128205128 108)
[813] (0.02231718898385565 47)
[814] (0.08214624881291548 173)
[817] (0.04178537511870845 88)
[819] (0.05982905982905983 126)
[820] (0.08452041785375118 178)
[824] (0.03323836657169991 70)
[825] (0.06125356125356125 129)
[826] (0.08309591642924977 175)
[828] (0.04843304843304843 102)
[829] (0.22744539411206077 479)
[830] (0.03513770180436847 74)
[831] (0.03798670465337132 80)
[832] (0.02849002849002849 60)
[833] (0.048907882241215575 103)
[834] (0.027540360873694207 58)
[835] (0.03798670465337132 80)
[837] (0.020892687559354226 44)
[839] (0.020417853751187084 43)
[841] (0.06030389363722697 127)
[843] (0.04415954415954416 93)
[844] (0.0835707502374169 176)
[846] (0.029439696106362774 62)
[853] (0.03608736942070275 76)
[854] (0.10398860398860399 219)
[855] (0.04178537511870845 88)
[857] (0.04226020892687559 89)
[858] (0.024691358024691357 52)
[859] (0.028964862298195632 61)
[860] (0.04178537511870845 88)
[862] (0.10921177587844255 230)
[867] (0.08214624881291548 173)
[868] (0.026115859449192782 55)
[869] (0.0251661918328585 53)
[871] (0.06125356125356125 129)
[874] (0.050332383665717 106)
[876] (0.04653371320037987 98)
[878] (0.06837606837606838 144)
[879] (0.02849002849002849 60)
[881] (0.03418803418803419 72)
[883] (0.15859449192782527 334)
[884] (0.052231718898385564 110)
[885] (0.0949667616334283 200)
[886] (0.1063627730294397 224)
[887] (0.05413105413105413 114)
[888] (0.07644824311490978 161)
[890] (0.1305792972459639 275)
[892] (0.020892687559354226 44)
[893] (0.08499525166191833 179)
[894] (0.02231718898385565 47)
[895] (0.1396011396011396 294)
[896] (0.024216524216524215 51)
[897] (0.1590693257359924 335)
[899] (0.054605887939221276 115)
[900] (0.06267806267806268 132)
[902] (0.03133903133903134 66)
[904] (0.0446343779677113 94)
[905] (0.023741690408357077 50)
[910] (0.052231718898385564 110)
[911] (0.04795821462488129 101)
[912] (0.04226020892687559 89)
[913] (0.10208926875593542 215)
[914] (0.16381766381766383 345)
[915] (0.027540360873694207 58)
[916] (0.023266856600189935 49)
[918] (0.11965811965811966 252)
[919] (0.1168091168091168 246)
[921] (0.06932573599240266 146)
[922] (0.032288698955365625 68)
[923] (0.032288698955365625 68)
[925] (0.03466286799620133 73)
[926] (0.024216524216524215 51)
[928] (0.045584045584045586 96)
[932] (0.032288698955365625 68)
[933] (0.027540360873694207 58)
[934] (0.03608736942070275 76)
[935] (0.02849002849002849 60)
[937] (0.16524216524216523 348)
[938] (0.08547008547008547 180)
[939] (0.020417853751187084 43)
[940] (0.03466286799620133 73)
[941] (0.05128205128205128 108)
[943] (0.03513770180436847 74)
[944] (0.07597340930674264 160)
[946] (0.06220322886989554 131)
[947] (0.08831908831908832 186)
[948] (0.05128205128205128 108)
[949] (0.07454890788224122 157)
[950] (0.02184235517568851 46)
[952] (0.08831908831908832 186)
[956] (0.16951566951566951 357)
[960] (0.03276353276353276 69)
[962] (0.029439696106362774 62)
[963] (0.029914529914529916 63)
[964] (0.04415954415954416 93)
[966] (0.12535612535612536 264)
[967] (0.07977207977207977 168)
[968] (0.06457739791073125 136)
[970] (0.039886039886039885 84)
[972] (0.0446343779677113 94)
[975] (0.06742640075973409 142)
[978] (0.03323836657169991 70)
[980] (0.030864197530864196 65)
[981] (0.07122507122507123 150)
[982] (0.11870845204178537 250)
[983] (0.05080721747388414 107)
[984] (0.07834757834757834 165)
[988] (0.04795821462488129 101)
[989] (0.08879392212725547 187)
[991] (0.05270655270655271 111)
[992] (0.08831908831908832 186)
[997] (0.023266856600189935 49)
[998] (0.07122507122507123 150)
[45, 368] (0.020417853751187084 43)
[422, 450] (0.021367521367521368 45)
[489, 966] (0.026590693257359924 56)
[487, 829] (0.0389363722697056 82)
[829, 919] (0.027065527065527065 57)
[72, 419] (0.0251661918328585 53)
[72, 413] (0.02184235517568851 46)
[829, 913] (0.02564102564102564 54)
[829, 914] (0.03323836657169991 70)
[686, 694] (0.02231718898385565 47)
[829, 918] (0.027065527065527065 57)
[73, 829] (0.029439696106362774 62)
[529, 538] (0.032288698955365625 68)
[510, 938] (0.020417853751187084 43)
[510, 937] (0.04795821462488129 101)
[914, 966] (0.02564102564102564 54)
[72, 427] (0.02564102564102564 54)
[266, 529] (0.027065527065527065 57)
[829, 900] (0.020417853751187084 43)
[349, 368] (0.020417853751187084 43)
[242, 694] (0.024216524216524215 51)
[472, 966] (0.02184235517568851 46)
[343, 573] (0.020892687559354226 44)
[634, 766] (0.020892687559354226 44)
[829, 937] (0.03941120607787275 83)
[829, 938] (0.024691358024691357 52)
[510, 914] (0.038461538461538464 81)
[510, 913] (0.020417853751187084 43)
[510, 919] (0.022792022792022793 48)
[510, 918] (0.026115859449192782 55)
[489, 956] (0.0446343779677113 94)
[72, 401] (0.023266856600189935 49)
[217, 319] (0.023266856600189935 49)
[487, 862] (0.02184235517568851 46)
[529, 561] (0.021367521367521368 45)
[829, 956] (0.038461538461538464 81)
[266, 571] (0.0251661918328585 53)
[529, 576] (0.020892687559354226 44)
[914, 921] (0.023741690408357077 50)
[529, 571] (0.026115859449192782 55)
[829, 947] (0.021367521367521368 45)
[217, 339] (0.021367521367521368 45)
[914, 919] (0.022792022792022793 48)
[914, 956] (0.03181386514719848 67)
[529, 541] (0.026590693257359924 56)
[883, 897] (0.024691358024691357 52)
[529, 548] (0.020417853751187084 43)
[343, 529] (0.02184235517568851 46)
[205, 598] (0.026590693257359924 56)
[205, 593] (0.024691358024691357 52)
[217, 346] (0.02564102564102564 54)
[220, 480] (0.0251661918328585 53)
[883, 893] (0.024216524216524215 51)
[489, 984] (0.020417853751187084 43)
[220, 484] (0.02564102564102564 54)
[489, 982] (0.03561253561253561 75)
[785, 829] (0.020892687559354226 44)
[217, 354] (0.024691358024691357 52)
[829, 966] (0.03418803418803419 72)
[21, 722] (0.022792022792022793 48)
[914, 937] (0.030864197530864196 65)
[414, 529] (0.02849002849002849 60)
[151, 480] (0.021367521367521368 45)
[217, 368] (0.05887939221272555 124)
[204, 480] (0.023741690408357077 50)
[217, 362] (0.0251661918328585 53)
[51, 510] (0.023741690408357077 50)
[829, 992] (0.02231718898385565 47)
[204, 487] (0.020417853751187084 43)
[151, 489] (0.024216524216524215 51)
[354, 692] (0.023741690408357077 50)
[354, 694] (0.0365622032288699 77)
[145, 883] (0.0251661918328585 53)
[54, 217] (0.020892687559354226 44)
[25, 368] (0.02801519468186135 59)
[151, 470] (0.022792022792022793 48)
[829, 982] (0.03276353276353276 69)
[829, 984] (0.027065527065527065 57)
[354, 682] (0.024691358024691357 52)
[112, 438] (0.021367521367521368 45)
[236, 706] (0.021367521367521368 45)
[362, 722] (0.026115859449192782 55)
[362, 720] (0.02231718898385565 47)
[427, 682] (0.02801519468186135 59)
[354, 686] (0.026115859449192782 55)
[217, 381] (0.023266856600189935 49)
[294, 949] (0.020417853751187084 43)
[43, 368] (0.032288698955365625 68)
[151, 450] (0.020892687559354226 44)
[283, 722] (0.02231718898385565 47)
[283, 720] (0.02564102564102564 54)
[55, 914] (0.0251661918328585 53)
[489, 918] (0.023266856600189935 49)
[489, 919] (0.023741690408357077 50)
[322, 720] (0.02184235517568851 46)
[368, 606] (0.028964862298195632 61)
[204, 438] (0.023266856600189935 49)
[151, 438] (0.021367521367521368 45)
[205, 529] (0.03561253561253561 75)
[54, 242] (0.021367521367521368 45)
[579, 829] (0.02231718898385565 47)
[368, 614] (0.02231718898385565 47)
[470, 510] (0.026590693257359924 56)
[39, 968] (0.022792022792022793 48)
[93, 829] (0.023266856600189935 49)
[198, 722] (0.020417853751187084 43)
[132, 829] (0.028964862298195632 61)
[8, 597] (0.023741690408357077 50)
[489, 937] (0.026590693257359924 56)
[489, 938] (0.02231718898385565 47)
[351, 529] (0.020417853751187084 43)
[266, 510] (0.02184235517568851 46)
[368, 628] (0.02231718898385565 47)
[145, 895] (0.020892687559354226 44)
[366, 419] (0.020417853751187084 43)
[204, 419] (0.032288698955365625 68)
[205, 510] (0.03323836657169991 70)
[151, 419] (0.02184235517568851 46)
[470, 541] (0.021367521367521368 45)
[541, 766] (0.023741690408357077 50)
[145, 886] (0.027540360873694207 58)
[205, 509] (0.038461538461538464 81)
[85, 682] (0.021367521367521368 45)
[368, 620] (0.02184235517568851 46)
[183, 829] (0.02231718898385565 47)
[489, 904] (0.023741690408357077 50)
[368, 634] (0.02801519468186135 59)
[368, 639] (0.024216524216524215 51)
[675, 682] (0.037037037037037035 78)
[93, 854] (0.026590693257359924 56)
[145, 897] (0.027065527065527065 57)
[579, 809] (0.020892687559354226 44)
[470, 529] (0.038461538461538464 81)
[368, 631] (0.028964862298195632 61)
[489, 913] (0.022792022792022793 48)
[489, 914] (0.029914529914529916 63)
[32, 71] (0.020417853751187084 43)
[8, 682] (0.020892687559354226 44)
[722, 752] (0.026115859449192782 55)
[538, 572] (0.0251661918328585 53)
[21, 692] (0.026590693257359924 56)
[196, 829] (0.02231718898385565 47)
[116, 785] (0.020892687559354226 44)
[110, 347] (0.023741690408357077 50)
[692, 766] (0.02231718898385565 47)
[368, 658] (0.03181386514719848 67)
[8, 692] (0.029439696106362774 62)
[12, 692] (0.024216524216524215 51)
[368, 641] (0.027065527065527065 57)
[692, 752] (0.023266856600189935 49)
[21, 682] (0.021367521367521368 45)
[401, 529] (0.022792022792022793 48)
[118, 489] (0.02184235517568851 46)
[71, 283] (0.029439696106362774 62)
[368, 676] (0.027540360873694207 58)
[368, 674] (0.027540360873694207 58)
[120, 937] (0.023741690408357077 50)
[368, 675] (0.04415954415954416 93)
[239, 829] (0.021367521367521368 45)
[54, 151] (0.023266856600189935 49)
[692, 746] (0.020892687559354226 44)
[401, 510] (0.0251661918328585 53)
[110, 326] (0.021367521367521368 45)
[8, 663] (0.020892687559354226 44)
[283, 682] (0.02564102564102564 54)
[283, 684] (0.024691358024691357 52)
[368, 663] (0.02801519468186135 59)
[368, 665] (0.0251661918328585 53)
[368, 661] (0.03276353276353276 69)
[438, 606] (0.02564102564102564 54)
[283, 692] (0.026590693257359924 56)
[509, 692] (0.023741690408357077 50)
[346, 606] (0.020417853751187084 43)
[470, 631] (0.0251661918328585 53)
[351, 438] (0.023741690408357077 50)
[8, 676] (0.021367521367521368 45)
[8, 674] (0.02184235517568851 46)
[283, 694] (0.020417853751187084 43)
[43, 438] (0.021367521367521368 45)
[368, 692] (0.043209876543209874 91)
[368, 690] (0.022792022792022793 48)
[177, 682] (0.026590693257359924 56)
[368, 694] (0.032288698955365625 68)
[120, 914] (0.026590693257359924 56)
[204, 381] (0.02184235517568851 46)
[120, 918] (0.02801519468186135 59)
[142, 854] (0.022792022792022793 48)
[368, 682] (0.06552706552706553 138)
[368, 684] (0.024691358024691357 52)
[368, 687] (0.02801519468186135 59)
[368, 686] (0.020892687559354226 44)
[676, 956] (0.023741690408357077 50)
[24, 897] (0.020892687559354226 44)
[283, 676] (0.02564102564102564 54)
[145, 829] (0.026115859449192782 55)
[32, 897] (0.020417853751187084 43)
[204, 368] (0.0365622032288699 77)
[12, 686] (0.02231718898385565 47)
[140, 775] (0.020892687559354226 44)
[229, 529] (0.03798670465337132 80)
[204, 362] (0.02849002849002849 60)
[234, 785] (0.020417853751187084 43)
[12, 682] (0.020417853751187084 43)
[236, 752] (0.02231718898385565 47)
[110, 368] (0.03798670465337132 80)
[183, 766] (0.0251661918328585 53)
[140, 766] (0.02184235517568851 46)
[663, 694] (0.021367521367521368 45)
[279, 529] (0.026115859449192782 55)
[229, 510] (0.022792022792022793 48)
[412, 480] (0.02849002849002849 60)
[692, 775] (0.023741690408357077 50)
[294, 919] (0.023741690408357077 50)
[661, 829] (0.02801519468186135 59)
[239, 883] (0.021367521367521368 45)
[279, 510] (0.024216524216524215 51)
[694, 814] (0.02231718898385565 47)
[275, 489] (0.0251661918328585 53)
[579, 766] (0.021367521367521368 45)
[46, 510] (0.021367521367521368 45)
[438, 675] (0.020417853751187084 43)
[438, 674] (0.02231718898385565 47)
[55, 890] (0.0251661918328585 53)
[494, 682] (0.023741690408357077 50)
[484, 674] (0.02801519468186135 59)
[785, 918] (0.0251661918328585 53)
[676, 914] (0.02231718898385565 47)
[438, 663] (0.020892687559354226 44)
[177, 634] (0.020417853751187084 43)
[634, 829] (0.024691358024691357 52)
[140, 722] (0.020417853751187084 43)
[438, 694] (0.02564102564102564 54)
[438, 692] (0.029439696106362774 62)
[72, 489] (0.020892687559354226 44)
[494, 661] (0.020417853751187084 43)
[529, 597] (0.026115859449192782 55)
[529, 598] (0.02801519468186135 59)
[438, 682] (0.026590693257359924 56)
[510, 982] (0.024216524216524215 51)
[438, 686] (0.020892687559354226 44)
[401, 597] (0.021367521367521368 45)
[72, 484] (0.023266856600189935 49)
[197, 489] (0.020417853751187084 43)
[280, 766] (0.022792022792022793 48)
[692, 722] (0.02231718898385565 47)
[31, 368] (0.02231718898385565 47)
[692, 720] (0.02184235517568851 46)
[722, 797] (0.021367521367521368 45)
[722, 795] (0.027540360873694207 58)
[966, 989] (0.026590693257359924 56)
[438, 634] (0.020892687559354226 44)
[883, 919] (0.026590693257359924 56)
[883, 914] (0.024216524216524215 51)
[32, 829] (0.024691358024691357 52)
[883, 913] (0.023266856600189935 49)
[229, 573] (0.022792022792022793 48)
[510, 966] (0.024216524216524215 51)
[71, 236] (0.02231718898385565 47)
[510, 964] (0.0251661918328585 53)
[71, 239] (0.027065527065527065 57)
[70, 722] (0.02184235517568851 46)
[159, 368] (0.022792022792022793 48)
[694, 883] (0.023741690408357077 50)
[692, 706] (0.020417853751187084 43)
[510, 956] (0.03276353276353276 69)
[71, 205] (0.023741690408357077 50)
[510, 952] (0.028964862298195632 61)
[722, 778] (0.021367521367521368 45)
[883, 956] (0.030389363722697058 64)
[72, 450] (0.021367521367521368 45)
[722, 775] (0.02184235517568851 46)
[694, 897] (0.03276353276353276 69)
[510, 944] (0.026115859449192782 55)
[722, 766] (0.023266856600189935 49)
[72, 529] (0.03418803418803419 72)
[205, 419] (0.023741690408357077 50)
[472, 829] (0.027065527065527065 57)
[413, 419] (0.024216524216524215 51)
[529, 631] (0.021367521367521368 45)
[354, 722] (0.021367521367521368 45)
[354, 720] (0.020417853751187084 43)
[529, 634] (0.0251661918328585 53)
[489, 809] (0.03941120607787275 83)
[413, 424] (0.023266856600189935 49)
[544, 966] (0.020892687559354226 44)
[217, 438] (0.029439696106362774 62)
[116, 125] (0.020892687559354226 44)
[489, 829] (0.04226020892687559 89)
[316, 529] (0.024691358024691357 52)
[177, 710] (0.02231718898385565 47)
[294, 897] (0.02184235517568851 46)
[205, 438] (0.02564102564102564 54)
[343, 692] (0.02231718898385565 47)
[413, 438] (0.026115859449192782 55)
[529, 653] (0.023266856600189935 49)
[279, 489] (0.022792022792022793 48)
[55, 829] (0.02231718898385565 47)
[354, 752] (0.028964862298195632 61)
[217, 413] (0.02231718898385565 47)
[217, 419] (0.0365622032288699 77)
[529, 663] (0.03133903133903134 66)
[510, 800] (0.02184235517568851 46)
[198, 895] (0.022792022792022793 48)
[205, 450] (0.026590693257359924 56)
[112, 510] (0.02801519468186135 59)
[229, 368] (0.029439696106362774 62)
[529, 676] (0.026115859449192782 55)
[55, 883] (0.0251661918328585 53)
[217, 470] (0.020417853751187084 43)
[529, 675] (0.026590693257359924 56)
[529, 674] (0.026115859449192782 55)
[266, 474] (0.021367521367521368 45)
[217, 487] (0.02184235517568851 46)
[322, 684] (0.0251661918328585 53)
[217, 480] (0.029439696106362774 62)
[529, 682] (0.043209876543209874 91)
[529, 686] (0.0251661918328585 53)
[529, 684] (0.022792022792022793 48)
[266, 460] (0.020892687559354226 44)
[115, 283] (0.020417853751187084 43)
[489, 862] (0.022792022792022793 48)
[217, 489] (0.04083570750237417 86)
[217, 450] (0.023741690408357077 50)
[205, 480] (0.02184235517568851 46)
[529, 692] (0.04795821462488129 101)
[354, 706] (0.020417853751187084 43)
[529, 694] (0.030864197530864196 65)
[71, 419] (0.027540360873694207 58)
[21, 829] (0.02184235517568851 46)
[205, 489] (0.029439696106362774 62)
[217, 460] (0.030389363722697058 64)
[890, 897] (0.024216524216524215 51)
[890, 895] (0.020417853751187084 43)
[72, 510] (0.020417853751187084 43)
[489, 883] (0.037037037037037035 78)
[674, 956] (0.020417853751187084 43)
[93, 759] (0.020892687559354226 44)
[294, 829] (0.027065527065527065 57)
[243, 368] (0.021367521367521368 45)
[368, 720] (0.048907882241215575 103)
[368, 722] (0.05413105413105413 114)
[25, 217] (0.020892687559354226 44)
[279, 438] (0.02231718898385565 47)
[145, 992] (0.021367521367521368 45)
[102, 682] (0.022792022792022793 48)
[198, 829] (0.023266856600189935 49)
[674, 937] (0.026590693257359924 56)
[362, 867] (0.021367521367521368 45)
[197, 989] (0.027540360873694207 58)
[145, 982] (0.020417853751187084 43)
[675, 766] (0.027065527065527065 57)
[541, 692] (0.02184235517568851 46)
[339, 598] (0.020417853751187084 43)
[120, 145] (0.029439696106362774 62)
[283, 885] (0.020892687559354226 44)
[541, 694] (0.020892687559354226 44)
[362, 829] (0.026590693257359924 56)
[460, 914] (0.024216524216524215 51)
[242, 722] (0.020892687559354226 44)
[674, 918] (0.022792022792022793 48)
[283, 883] (0.02231718898385565 47)
[368, 701] (0.021367521367521368 45)
[279, 419] (0.03323836657169991 70)
[236, 829] (0.020892687559354226 44)
[368, 706] (0.029914529914529916 63)
[496, 829] (0.02184235517568851 46)
[204, 343] (0.020892687559354226 44)
[265, 904] (0.020892687559354226 44)
[283, 829] (0.03466286799620133 73)
[427, 510] (0.02231718898385565 47)
[362, 897] (0.024691358024691357 52)
[354, 775] (0.023266856600189935 49)
[55, 809] (0.020892687559354226 44)
[93, 712] (0.023741690408357077 50)
[354, 766] (0.023266856600189935 49)
[368, 752] (0.046058879392212725 97)
[362, 890] (0.020892687559354226 44)
[362, 895] (0.03323836657169991 70)
[3, 676] (0.024691358024691357 52)
[368, 769] (0.023266856600189935 49)
[460, 956] (0.024691358024691357 52)
[120, 140] (0.020417853751187084 43)
[572, 956] (0.026115859449192782 55)
[368, 763] (0.02801519468186135 59)
[368, 766] (0.04226020892687559 89)
[427, 529] (0.038461538461538464 81)
[93, 722] (0.020417853751187084 43)
[54, 368] (0.021367521367521368 45)
[412, 419] (0.020417853751187084 43)
[276, 829] (0.0251661918328585 53)
[368, 735] (0.023741690408357077 50)
[368, 736] (0.023266856600189935 49)
[460, 966] (0.02184235517568851 46)
[140, 694] (0.023266856600189935 49)
[140, 692] (0.023741690408357077 50)
[283, 844] (0.020892687559354226 44)
[48, 381] (0.020892687559354226 44)
[110, 438] (0.024691358024691357 52)
[529, 614] (0.026115859449192782 55)
[368, 746] (0.021367521367521368 45)
[676, 897] (0.0251661918328585 53)
[141, 368] (0.023741690408357077 50)
[362, 883] (0.02184235517568851 46)
[377, 692] (0.020892687559354226 44)
[722, 867] (0.020892687559354226 44)
[239, 956] (0.026590693257359924 56)
[140, 682] (0.026115859449192782 55)
[8, 795] (0.021367521367521368 45)
[470, 966] (0.023741690408357077 50)
[377, 694] (0.02184235517568851 46)
[675, 829] (0.029914529914529916 63)
[438, 736] (0.026115859449192782 55)
[368, 793] (0.023741690408357077 50)
[120, 217] (0.03133903133903134 66)
[140, 674] (0.020417853751187084 43)
[140, 675] (0.021367521367521368 45)
[368, 795] (0.0365622032288699 77)
[368, 797] (0.03181386514719848 67)
[484, 712] (0.02231718898385565 47)
[477, 489] (0.020417853751187084 43)
[142, 712] (0.020892687559354226 44)
[35, 675] (0.02184235517568851 46)
[692, 897] (0.020417853751187084 43)
[239, 937] (0.021367521367521368 45)
[120, 205] (0.026590693257359924 56)
[368, 782] (0.023266856600189935 49)
[368, 780] (0.024216524216524215 51)
[368, 785] (0.02564102564102564 54)
[438, 722] (0.04226020892687559 89)
[438, 720] (0.027540360873694207 58)
[722, 883] (0.029914529914529916 63)
[368, 789] (0.022792022792022793 48)
[722, 886] (0.020417853751187084 43)
[110, 477] (0.027065527065527065 57)
[118, 368] (0.023266856600189935 49)
[35, 682] (0.027065527065527065 57)
[692, 883] (0.02184235517568851 46)
[538, 692] (0.021367521367521368 45)
[368, 775] (0.037037037037037035 78)
[145, 914] (0.03466286799620133 73)
[470, 956] (0.0251661918328585 53)
[283, 766] (0.030864197530864196 65)
[326, 368] (0.022792022792022793 48)
[438, 706] (0.023741690408357077 50)
[694, 937] (0.020892687559354226 44)
[151, 368] (0.032288698955365625 68)
[8, 752] (0.020892687559354226 44)
[110, 487] (0.021367521367521368 45)
[110, 489] (0.02231718898385565 47)
[145, 937] (0.022792022792022793 48)
[510, 895] (0.0365622032288699 77)
[510, 897] (0.0389363722697056 82)
[8, 766] (0.023266856600189935 49)
[484, 759] (0.022792022792022793 48)
[401, 413] (0.021367521367521368 45)
[510, 890] (0.037037037037037035 78)
[722, 809] (0.021367521367521368 45)
[39, 142] (0.020892687559354226 44)
[145, 967] (0.021367521367521368 45)
[145, 966] (0.024216524216524215 51)
[196, 914] (0.020417853751187084 43)
[694, 956] (0.02184235517568851 46)
[141, 408] (0.020417853751187084 43)
[8, 775] (0.023266856600189935 49)
[145, 956] (0.027065527065527065 57)
[676, 829] (0.03418803418803419 72)
[722, 829] (0.030864197530864196 65)
[401, 438] (0.027065527065527065 57)
[46, 692] (0.022792022792022793 48)
[46, 661] (0.027540360873694207 58)
[3, 68] (0.021367521367521368 45)
[100, 529] (0.023266856600189935 49)
[12, 766] (0.02564102564102564 54)
[115, 368] (0.030389363722697058 64)
[177, 795] (0.02231718898385565 47)
[510, 867] (0.026590693257359924 56)
[21, 766] (0.021367521367521368 45)
[55, 785] (0.02184235517568851 46)
[489, 890] (0.024216524216524215 51)
[890, 914] (0.02801519468186135 59)
[489, 897] (0.023741690408357077 50)
[8, 720] (0.021367521367521368 45)
[489, 895] (0.028964862298195632 61)
[8, 722] (0.021367521367521368 45)
[778, 829] (0.027540360873694207 58)
[229, 427] (0.020892687559354226 44)
[55, 797] (0.021367521367521368 45)
[31, 276] (0.021367521367521368 45)
[510, 883] (0.03133903133903134 66)
[510, 885] (0.02184235517568851 46)
[510, 886] (0.024216524216524215 51)
[197, 368] (0.027540360873694207 58)
[55, 766] (0.028964862298195632 61)
[177, 775] (0.024691358024691357 52)
[438, 797] (0.020417853751187084 43)
[438, 795] (0.020892687559354226 44)
[266, 362] (0.02184235517568851 46)
[71, 326] (0.020417853751187084 43)
[401, 480] (0.020892687559354226 44)
[55, 775] (0.020417853751187084 43)
[177, 766] (0.02231718898385565 47)
[266, 368] (0.04036087369420703 85)
[69, 510] (0.023741690408357077 50)
[401, 489] (0.03181386514719848 67)
[217, 401] (0.022792022792022793 48)
[177, 752] (0.029439696106362774 62)
[510, 829] (0.046058879392212725 97)
[70, 883] (0.026590693257359924 56)
[890, 956] (0.020417853751187084 43)
[470, 937] (0.03276353276353276 69)
[438, 775] (0.020892687559354226 44)
[229, 460] (0.02184235517568851 46)
[487, 766] (0.02184235517568851 46)
[692, 829] (0.042735042735042736 90)
[722, 897] (0.021367521367521368 45)
[450, 937] (0.023266856600189935 49)
[177, 745] (0.022792022792022793 48)
[259, 897] (0.020417853751187084 43)
[601, 912] (0.02231718898385565 47)
[722, 895] (0.020417853751187084 43)
[510, 814] (0.026115859449192782 55)
[122, 897] (0.020892687559354226 44)
[937, 966] (0.0251661918328585 53)
[438, 766] (0.03276353276353276 69)
[510, 844] (0.021367521367521368 45)
[32, 956] (0.022792022792022793 48)
[470, 914] (0.020892687559354226 44)
[71, 362] (0.020892687559354226 44)
[450, 956] (0.02231718898385565 47)
[470, 918] (0.020892687559354226 44)
[470, 919] (0.02184235517568851 46)
[71, 368] (0.04415954415954416 93)
[438, 752] (0.02849002849002849 60)
[937, 956] (0.032288698955365625 68)
[424, 572] (0.023741690408357077 50)
[419, 480] (0.042735042735042736 90)
[242, 450] (0.023266856600189935 49)
[541, 956] (0.02231718898385565 47)
[217, 966] (0.022792022792022793 48)
[419, 489] (0.03181386514719848 67)
[489, 745] (0.021367521367521368 45)
[538, 829] (0.026115859449192782 55)
[419, 487] (0.02231718898385565 47)
[538, 826] (0.02564102564102564 54)
[494, 829] (0.023741690408357077 50)
[489, 752] (0.030389363722697058 64)
[682, 797] (0.023741690408357077 50)
[682, 793] (0.021367521367521368 45)
[217, 956] (0.03751187084520418 79)
[682, 766] (0.027065527065527065 57)
[758, 829] (0.0251661918328585 53)
[489, 722] (0.03941120607787275 83)
[217, 947] (0.023741690408357077 50)
[242, 480] (0.02231718898385565 47)
[489, 720] (0.03276353276353276 69)
[217, 937] (0.029439696106362774 62)
[489, 736] (0.026115859449192782 55)
[377, 956] (0.021367521367521368 45)
[283, 937] (0.023266856600189935 49)
[12, 914] (0.026590693257359924 56)
[46, 829] (0.029914529914529916 63)
[242, 419] (0.022792022792022793 48)
[55, 217] (0.023266856600189935 49)
[97, 276] (0.0251661918328585 53)
[78, 450] (0.02231718898385565 47)
[72, 682] (0.03418803418803419 72)
[72, 692] (0.024216524216524215 51)
[217, 914] (0.03513770180436847 74)
[797, 956] (0.033713200379867046 71)
[279, 368] (0.0389363722697056 82)
[55, 227] (0.023741690408357077 50)
[217, 918] (0.026115859449192782 55)
[217, 913] (0.023266856600189935 49)
[419, 450] (0.03561253561253561 75)
[489, 710] (0.024691358024691357 52)
[151, 631] (0.020417853751187084 43)
[283, 914] (0.02801519468186135 59)
[161, 354] (0.023741690408357077 50)
[541, 982] (0.0251661918328585 53)
[419, 460] (0.02564102564102564 54)
[161, 368] (0.0365622032288699 77)
[419, 470] (0.03323836657169991 70)
[322, 510] (0.03561253561253561 75)
[177, 368] (0.030864197530864196 65)
[145, 151] (0.02564102564102564 54)
[78, 419] (0.023741690408357077 50)
[460, 829] (0.03323836657169991 70)
[204, 956] (0.021367521367521368 45)
[205, 795] (0.021367521367521368 45)
[145, 158] (0.021367521367521368 45)
[120, 752] (0.02184235517568851 46)
[177, 375] (0.02184235517568851 46)
[283, 966] (0.020892687559354226 44)
[39, 706] (0.020417853751187084 43)
[326, 438] (0.023266856600189935 49)
[93, 220] (0.027540360873694207 58)
[112, 682] (0.027065527065527065 57)
[401, 883] (0.026590693257359924 56)
[177, 381] (0.02849002849002849 60)
[343, 368] (0.023266856600189935 49)
[54, 956] (0.023741690408357077 50)
[151, 682] (0.02564102564102564 54)
[460, 800] (0.022792022792022793 48)
[326, 419] (0.020417853751187084 43)
[145, 177] (0.02231718898385565 47)
[597, 937] (0.021367521367521368 45)
[572, 826] (0.023266856600189935 49)
[419, 438] (0.03133903133903134 66)
[93, 205] (0.024216524216524215 51)
[120, 722] (0.021367521367521368 45)
[204, 914] (0.023741690408357077 50)
[73, 145] (0.02184235517568851 46)
[326, 489] (0.02231718898385565 47)
[204, 217] (0.0251661918328585 53)
[373, 510] (0.0251661918328585 53)
[205, 758] (0.023266856600189935 49)
[198, 937] (0.030864197530864196 65)
[205, 766] (0.02849002849002849 60)
[132, 217] (0.024691358024691357 52)
[354, 438] (0.030864197530864196 65)
[8, 368] (0.0389363722697056 82)
[886, 897] (0.021367521367521368 45)
[205, 720] (0.026115859449192782 55)
[362, 982] (0.021367521367521368 45)
[424, 538] (0.023741690408357077 50)
[792, 829] (0.021367521367521368 45)
[401, 829] (0.023741690408357077 50)
[438, 919] (0.020417853751187084 43)
[217, 982] (0.022792022792022793 48)
[438, 914] (0.020417853751187084 43)
[373, 529] (0.023266856600189935 49)
[510, 797] (0.024691358024691357 52)
[438, 809] (0.026115859449192782 55)
[21, 480] (0.020892687559354226 44)
[354, 470] (0.0251661918328585 53)
[69, 419] (0.0251661918328585 53)
[368, 438] (0.051756885090218425 109)
[177, 419] (0.023266856600189935 49)
[510, 785] (0.024691358024691357 52)
[145, 205] (0.02184235517568851 46)
[354, 489] (0.02801519468186135 59)
[470, 829] (0.03276353276353276 69)
[362, 914] (0.024216524216524215 51)
[296, 897] (0.02231718898385565 47)
[368, 427] (0.03513770180436847 74)
[145, 217] (0.04131054131054131 87)
[775, 895] (0.02184235517568851 46)
[775, 897] (0.026590693257359924 56)
[438, 829] (0.04226020892687559 89)
[177, 450] (0.022792022792022793 48)
[510, 775] (0.030864197530864196 65)
[467, 510] (0.023266856600189935 49)
[368, 450] (0.046058879392212725 97)
[115, 634] (0.023266856600189935 49)
[283, 897] (0.02184235517568851 46)
[205, 829] (0.03561253561253561 75)
[510, 766] (0.03323836657169991 70)
[775, 883] (0.024691358024691357 52)
[460, 897] (0.027065527065527065 57)
[21, 489] (0.021367521367521368 45)
[460, 890] (0.020892687559354226 44)
[177, 438] (0.03133903133903134 66)
[362, 937] (0.020892687559354226 44)
[427, 829] (0.024691358024691357 52)
[427, 897] (0.020417853751187084 43)
[8, 427] (0.020417853751187084 43)
[597, 914] (0.023741690408357077 50)
[21, 438] (0.028964862298195632 61)
[236, 510] (0.021367521367521368 45)
[346, 890] (0.022792022792022793 48)
[571, 829] (0.020892687559354226 44)
[346, 897] (0.02564102564102564 54)
[110, 937] (0.0251661918328585 53)
[427, 883] (0.02564102564102564 54)
[775, 862] (0.02564102564102564 54)
[712, 854] (0.024691358024691357 52)
[8, 438] (0.02231718898385565 47)
[470, 886] (0.021367521367521368 45)
[368, 419] (0.05318138651471985 112)
[775, 854] (0.020417853751187084 43)
[826, 829] (0.024216524216524215 51)
[35, 529] (0.02184235517568851 46)
[368, 413] (0.04415954415954416 93)
[110, 956] (0.02184235517568851 46)
[177, 489] (0.03323836657169991 70)
[177, 487] (0.02231718898385565 47)
[538, 797] (0.02801519468186135 59)
[706, 829] (0.026115859449192782 55)
[8, 419] (0.029914529914529916 63)
[470, 897] (0.020417853751187084 43)
[368, 408] (0.02801519468186135 59)
[236, 529] (0.03466286799620133 73)
[368, 405] (0.022792022792022793 48)
[368, 401] (0.04036087369420703 85)
[110, 968] (0.028964862298195632 61)
[142, 674] (0.023741690408357077 50)
[438, 897] (0.030864197530864196 65)
[438, 895] (0.02564102564102564 54)
[438, 890] (0.03276353276353276 69)
[413, 937] (0.02801519468186135 59)
[115, 682] (0.02184235517568851 46)
[381, 529] (0.027540360873694207 58)
[140, 919] (0.021367521367521368 45)
[438, 886] (0.02184235517568851 46)
[775, 829] (0.03181386514719848 67)
[438, 883] (0.029439696106362774 62)
[140, 914] (0.021367521367521368 45)
[12, 829] (0.0251661918328585 53)
[390, 529] (0.020417853751187084 43)
[43, 752] (0.02184235517568851 46)
[682, 829] (0.04178537511870845 88)
[21, 413] (0.02184235517568851 46)
[21, 419] (0.024216524216524215 51)
[538, 766] (0.02184235517568851 46)
[350, 919] (0.02184235517568851 46)
[712, 829] (0.026590693257359924 56)
[413, 956] (0.030864197530864196 65)
[450, 480] (0.029439696106362774 62)
[21, 401] (0.024216524216524215 51)
[346, 829] (0.020892687559354226 44)
[140, 937] (0.030389363722697058 64)
[538, 752] (0.024691358024691357 52)
[70, 510] (0.027540360873694207 58)
[12, 885] (0.024216524216524215 51)
[12, 883] (0.02231718898385565 47)
[368, 477] (0.026590693257359924 56)
[489, 797] (0.024691358024691357 52)
[489, 795] (0.023266856600189935 49)
[510, 752] (0.03418803418803419 72)
[682, 883] (0.03608736942070275 76)
[368, 480] (0.03466286799620133 73)
[682, 886] (0.0251661918328585 53)
[450, 489] (0.03276353276353276 69)
[127, 205] (0.020417853751187084 43)
[427, 800] (0.027065527065527065 57)
[368, 460] (0.03513770180436847 74)
[368, 470] (0.04510921177587844 95)
[489, 775] (0.023741690408357077 50)
[280, 529] (0.02564102564102564 54)
[70, 529] (0.028964862298195632 61)
[39, 674] (0.0251661918328585 53)
[368, 489] (0.06220322886989554 131)
[12, 895] (0.027065527065527065 57)
[368, 487] (0.03561253561253561 75)
[110, 145] (0.0251661918328585 53)
[895, 897] (0.027065527065527065 57)
[510, 722] (0.027540360873694207 58)
[510, 720] (0.04036087369420703 85)
[368, 494] (0.03181386514719848 67)
[489, 766] (0.03276353276353276 69)
[127, 217] (0.02231718898385565 47)
[682, 854] (0.023266856600189935 49)
[682, 890] (0.023266856600189935 49)
[682, 895] (0.023741690408357077 50)
[682, 897] (0.0251661918328585 53)
[597, 883] (0.023266856600189935 49)
[68, 829] (0.023266856600189935 49)
[275, 710] (0.022792022792022793 48)
[597, 897] (0.021367521367521368 45)
[597, 890] (0.020417853751187084 43)
[489, 606] (0.024216524216524215 51)
[541, 829] (0.020417853751187084 43)
[538, 956] (0.04036087369420703 85)
[424, 438] (0.021367521367521368 45)
[339, 368] (0.020417853751187084 43)
[112, 722] (0.023266856600189935 49)
[185, 529] (0.022792022792022793 48)
[72, 782] (0.023266856600189935 49)
[634, 895] (0.021367521367521368 45)
[161, 484] (0.020892687559354226 44)
[161, 489] (0.023266856600189935 49)
[419, 597] (0.026115859449192782 55)
[205, 694] (0.021367521367521368 45)
[205, 692] (0.02184235517568851 46)
[73, 217] (0.027065527065527065 57)
[494, 975] (0.021367521367521368 45)
[326, 529] (0.0251661918328585 53)
[151, 529] (0.032288698955365625 68)
[419, 574] (0.023741690408357077 50)
[419, 571] (0.02849002849002849 60)
[419, 579] (0.02184235517568851 46)
[572, 797] (0.02564102564102564 54)
[151, 510] (0.037037037037037035 78)
[797, 829] (0.02184235517568851 46)
[541, 883] (0.02184235517568851 46)
[797, 826] (0.026590693257359924 56)
[419, 554] (0.0251661918328585 53)
[8, 450] (0.021367521367521368 45)
[510, 593] (0.02801519468186135 59)
[401, 722] (0.028964862298195632 61)
[470, 675] (0.020892687559354226 44)
[354, 510] (0.024216524216524215 51)
[548, 829] (0.024691358024691357 52)
[368, 509] (0.03941120607787275 83)
[373, 438] (0.022792022792022793 48)
[510, 597] (0.021367521367521368 45)
[368, 505] (0.020417853751187084 43)
[38, 368] (0.027540360873694207 58)
[161, 419] (0.032288698955365625 68)
[8, 477] (0.020417853751187084 43)
[217, 276] (0.0251661918328585 53)
[354, 529] (0.037037037037037035 78)
[217, 279] (0.020417853751187084 43)
[316, 706] (0.02231718898385565 47)
[145, 283] (0.0251661918328585 53)
[419, 529] (0.03751187084520418 79)
[597, 829] (0.03466286799620133 73)
[161, 427] (0.020892687559354226 44)
[93, 966] (0.02184235517568851 46)
[69, 368] (0.03561253561253561 75)
[217, 283] (0.03751187084520418 79)
[145, 279] (0.02231718898385565 47)
[54, 829] (0.02564102564102564 54)
[120, 878] (0.020417853751187084 43)
[205, 674] (0.020892687559354226 44)
[373, 419] (0.020417853751187084 43)
[419, 538] (0.026115859449192782 55)
[32, 663] (0.023266856600189935 49)
[419, 510] (0.04653371320037987 98)
[631, 829] (0.020892687559354226 44)
[759, 854] (0.020417853751187084 43)
[419, 509] (0.020417853751187084 43)
[120, 890] (0.026115859449192782 55)
[8, 480] (0.024216524216524215 51)
[120, 895] (0.029439696106362774 62)
[692, 694] (0.021367521367521368 45)
[8, 489] (0.02849002849002849 60)
[217, 266] (0.026115859449192782 55)
[35, 489] (0.028964862298195632 61)
[93, 142] (0.02184235517568851 46)
[73, 283] (0.024216524216524215 51)
[38, 419] (0.023266856600189935 49)
[145, 346] (0.02231718898385565 47)
[127, 145] (0.020892687559354226 44)
[401, 692] (0.024216524216524215 51)
[438, 966] (0.03133903133903134 66)
[177, 579] (0.03133903133903134 66)
[460, 766] (0.024691358024691357 52)
[71, 177] (0.0251661918328585 53)
[71, 175] (0.026115859449192782 55)
[401, 682] (0.028964862298195632 61)
[368, 579] (0.029914529914529916 63)
[368, 573] (0.0251661918328585 53)
[368, 576] (0.029914529914529916 63)
[438, 956] (0.03561253561253561 75)
[140, 897] (0.024216524216524215 51)
[368, 572] (0.023741690408357077 50)
[368, 571] (0.027540360873694207 58)
[8, 510] (0.030389363722697058 64)
[510, 663] (0.030389363722697058 64)
[712, 759] (0.020892687559354226 44)
[510, 661] (0.02231718898385565 47)
[368, 567] (0.027065527065527065 57)
[145, 316] (0.024216524216524215 51)
[3, 829] (0.023266856600189935 49)
[427, 720] (0.02184235517568851 46)
[368, 561] (0.023266856600189935 49)
[886, 956] (0.020417853751187084 43)
[381, 480] (0.02184235517568851 46)
[8, 529] (0.03513770180436847 74)
[347, 529] (0.026115859449192782 55)
[145, 334] (0.022792022792022793 48)
[368, 554] (0.026115859449192782 55)
[177, 541] (0.020417853751187084 43)
[438, 937] (0.02564102564102564 54)
[368, 550] (0.020417853751187084 43)
[895, 937] (0.04748338081671415 100)
[470, 752] (0.02184235517568851 46)
[775, 984] (0.020417853751187084 43)
[510, 684] (0.0251661918328585 53)
[39, 722] (0.020417853751187084 43)
[510, 682] (0.0365622032288699 77)
[48, 140] (0.02564102564102564 54)
[417, 746] (0.020417853751187084 43)
[775, 982] (0.02184235517568851 46)
[682, 914] (0.03466286799620133 73)
[510, 692] (0.038461538461538464 81)
[368, 541] (0.0389363722697056 82)
[71, 110] (0.02184235517568851 46)
[460, 720] (0.02231718898385565 47)
[460, 722] (0.022792022792022793 48)
[510, 675] (0.026115859449192782 55)
[510, 676] (0.030864197530864196 65)
[368, 538] (0.029914529914529916 63)
[886, 937] (0.023266856600189935 49)
[100, 368] (0.024691358024691357 52)
[368, 534] (0.020892687559354226 44)
[71, 120] (0.02801519468186135 59)
[826, 956] (0.026590693257359924 56)
[895, 914] (0.027065527065527065 57)
[71, 140] (0.023741690408357077 50)
[368, 529] (0.07075023741690409 149)
[43, 529] (0.021367521367521368 45)
[427, 766] (0.026590693257359924 56)
[470, 722] (0.0251661918328585 53)
[120, 829] (0.02564102564102564 54)
[682, 937] (0.02849002849002849 60)
[438, 982] (0.023266856600189935 49)
[368, 522] (0.020417853751187084 43)
[510, 694] (0.03608736942070275 76)
[110, 205] (0.021367521367521368 45)
[460, 746] (0.02231718898385565 47)
[706, 937] (0.02184235517568851 46)
[573, 598] (0.020892687559354226 44)
[51, 956] (0.020417853751187084 43)
[71, 145] (0.023741690408357077 50)
[368, 510] (0.06220322886989554 131)
[71, 919] (0.027540360873694207 58)
[682, 956] (0.023266856600189935 49)
[346, 966] (0.020417853751187084 43)
[234, 829] (0.027540360873694207 58)
[489, 684] (0.02231718898385565 47)
[489, 682] (0.04700854700854701 99)
[236, 692] (0.020417853751187084 43)
[538, 883] (0.021367521367521368 45)
[489, 675] (0.03466286799620133 73)
[489, 674] (0.024691358024691357 52)
[918, 956] (0.020417853751187084 43)
[71, 914] (0.027540360873694207 58)
[895, 956] (0.023741690408357077 50)
[775, 966] (0.02564102564102564 54)
[21, 529] (0.0251661918328585 53)
[21, 510] (0.024216524216524215 51)
[682, 967] (0.02231718898385565 47)
[489, 692] (0.03608736942070275 76)
[682, 966] (0.020417853751187084 43)
[489, 694] (0.02231718898385565 47)
[71, 937] (0.023741690408357077 50)
[25, 510] (0.032288698955365625 68)
[110, 283] (0.027065527065527065 57)
[484, 529] (0.02849002849002849 60)
[350, 829] (0.030864197530864196 65)
[489, 634] (0.0251661918328585 53)
[177, 529] (0.03181386514719848 67)
[71, 956] (0.02849002849002849 60)
[682, 982] (0.020892687559354226 44)
[130, 217] (0.02184235517568851 46)
[510, 628] (0.021367521367521368 45)
[265, 682] (0.022792022792022793 48)
[12, 145] (0.029914529914529916 63)
[177, 510] (0.02801519468186135 59)
[489, 661] (0.020892687559354226 44)
[280, 419] (0.022792022792022793 48)
[265, 675] (0.023266856600189935 49)
[53, 368] (0.02231718898385565 47)
[368, 593] (0.026590693257359924 56)
[775, 918] (0.020417853751187084 43)
[634, 956] (0.02564102564102564 54)
[368, 597] (0.039886039886039885 84)
[368, 598] (0.024216524216524215 51)
[381, 438] (0.024216524216524215 51)
[775, 914] (0.026590693257359924 56)
[140, 829] (0.030864197530864196 65)
[529, 968] (0.020892687559354226 44)
[529, 966] (0.0251661918328585 53)
[31, 766] (0.020417853751187084 43)
[115, 829] (0.024691358024691357 52)
[424, 797] (0.026115859449192782 55)
[529, 956] (0.03323836657169991 70)
[161, 509] (0.02231718898385565 47)
[529, 947] (0.02849002849002849 60)
[529, 949] (0.023266856600189935 49)
[597, 722] (0.021367521367521368 45)
[381, 829] (0.026590693257359924 56)
[12, 283] (0.0251661918328585 53)
[140, 377] (0.020417853751187084 43)
[529, 937] (0.033713200379867046 71)
[205, 992] (0.021367521367521368 45)
[35, 368] (0.030389363722697058 64)
[477, 792] (0.02184235517568851 46)
[220, 759] (0.02231718898385565 47)
[413, 722] (0.020892687559354226 44)
[140, 368] (0.03466286799620133 73)
[413, 720] (0.0251661918328585 53)
[161, 529] (0.029914529914529916 63)
[46, 118] (0.020892687559354226 44)
[69, 239] (0.020892687559354226 44)
[72, 829] (0.02801519468186135 59)
[102, 368] (0.024691358024691357 52)
[276, 460] (0.021367521367521368 45)
[71, 722] (0.020892687559354226 44)
[122, 419] (0.02184235517568851 46)
[12, 217] (0.021367521367521368 45)
[413, 706] (0.02231718898385565 47)
[4, 746] (0.022792022792022793 48)
[220, 712] (0.026590693257359924 56)
[529, 975] (0.020417853751187084 43)
[276, 480] (0.022792022792022793 48)
[39, 480] (0.020417853751187084 43)
[529, 982] (0.030864197530864196 65)
[46, 141] (0.027540360873694207 58)
[472, 489] (0.02184235517568851 46)
[593, 829] (0.020417853751187084 43)
[177, 217] (0.0389363722697056 82)
[145, 438] (0.03323836657169991 70)
[381, 883] (0.020892687559354226 44)
[32, 510] (0.03276353276353276 69)
[71, 752] (0.03941120607787275 83)
[127, 510] (0.02184235517568851 46)
[510, 541] (0.027540360873694207 58)
[177, 229] (0.020417853751187084 43)
[145, 427] (0.024691358024691357 52)
[480, 574] (0.020892687559354226 44)
[480, 571] (0.03181386514719848 67)
[32, 529] (0.024216524216524215 51)
[480, 692] (0.020892687559354226 44)
[145, 419] (0.03323836657169991 70)
[946, 982] (0.02184235517568851 46)
[71, 736] (0.021367521367521368 45)
[196, 368] (0.02849002849002849 60)
[183, 368] (0.023741690408357077 50)
[510, 581] (0.03323836657169991 70)
[177, 205] (0.026590693257359924 56)
[381, 897] (0.020417853751187084 43)
[142, 484] (0.024216524216524215 51)
[177, 204] (0.02801519468186135 59)
[142, 480] (0.022792022792022793 48)
[294, 510] (0.02231718898385565 47)
[487, 489] (0.021367521367521368 45)
[1, 982] (0.026590693257359924 56)
[204, 895] (0.02801519468186135 59)
[204, 897] (0.02231718898385565 47)
[510, 573] (0.02184235517568851 46)
[54, 70] (0.021367521367521368 45)
[413, 780] (0.020892687559354226 44)
[145, 489] (0.03418803418803419 72)
[294, 529] (0.0446343779677113 94)
[239, 368] (0.03276353276353276 69)
[145, 480] (0.020417853751187084 43)
[73, 368] (0.030864197530864196 65)
[48, 694] (0.022792022792022793 48)
[68, 712] (0.021367521367521368 45)
[68, 711] (0.020417853751187084 43)
[104, 368] (0.02564102564102564 54)
[489, 494] (0.02231718898385565 47)
[413, 797] (0.02801519468186135 59)
[140, 381] (0.026590693257359924 56)
[800, 966] (0.020417853751187084 43)
[510, 529] (0.037037037037037035 78)
[110, 720] (0.026115859449192782 55)
[72, 883] (0.02801519468186135 59)
[510, 522] (0.020892687559354226 44)
[227, 510] (0.026115859449192782 55)
[110, 712] (0.022792022792022793 48)
[122, 480] (0.02231718898385565 47)
[151, 854] (0.020417853751187084 43)
[510, 538] (0.027540360873694207 58)
[145, 450] (0.027065527065527065 57)
[217, 722] (0.0251661918328585 53)
[217, 720] (0.027065527065527065 57)
[897, 952] (0.021367521367521368 45)
[897, 956] (0.02564102564102564 54)
[8, 204] (0.020417853751187084 43)
[151, 966] (0.024216524216524215 51)
[120, 509] (0.020417853751187084 43)
[598, 897] (0.020417853751187084 43)
[460, 692] (0.0251661918328585 53)
[145, 381] (0.02184235517568851 46)
[70, 205] (0.023266856600189935 49)
[120, 510] (0.03466286799620133 73)
[294, 438] (0.023266856600189935 49)
[897, 966] (0.0251661918328585 53)
[229, 800] (0.0251661918328585 53)
[155, 368] (0.020417853751187084 43)
[204, 829] (0.029439696106362774 62)
[657, 956] (0.020417853751187084 43)
[460, 676] (0.0251661918328585 53)
[145, 362] (0.023741690408357077 50)
[229, 829] (0.02801519468186135 59)
[897, 937] (0.04083570750237417 86)
[145, 368] (0.04415954415954416 93)
[120, 529] (0.03418803418803419 72)
[71, 692] (0.02231718898385565 47)
[897, 938] (0.026115859449192782 55)
[720, 797] (0.020417853751187084 43)
[71, 682] (0.02231718898385565 47)
[294, 460] (0.021367521367521368 45)
[70, 217] (0.021367521367521368 45)
[571, 623] (0.020892687559354226 44)
[339, 966] (0.02231718898385565 47)
[460, 682] (0.02184235517568851 46)
[279, 914] (0.02184235517568851 46)
[217, 769] (0.02564102564102564 54)
[217, 766] (0.02801519468186135 59)
[720, 752] (0.023266856600189935 49)
[897, 914] (0.024216524216524215 51)
[897, 918] (0.020417853751187084 43)
[480, 529] (0.023266856600189935 49)
[217, 775] (0.029914529914529916 63)
[73, 419] (0.02184235517568851 46)
[55, 419] (0.02564102564102564 54)
[294, 489] (0.0251661918328585 53)
[720, 766] (0.03466286799620133 73)
[480, 510] (0.026590693257359924 56)
[45, 829] (0.028964862298195632 61)
[151, 914] (0.023266856600189935 49)
[93, 484] (0.0251661918328585 53)
[93, 480] (0.027065527065527065 57)
[217, 785] (0.026590693257359924 56)
[480, 674] (0.02801519468186135 59)
[129, 529] (0.022792022792022793 48)
[32, 419] (0.020892687559354226 44)
[780, 895] (0.020892687559354226 44)
[217, 795] (0.027540360873694207 58)
[8, 239] (0.02564102564102564 54)
[480, 682] (0.020892687559354226 44)
[55, 438] (0.024691358024691357 52)
[480, 676] (0.021367521367521368 45)
[236, 316] (0.026115859449192782 55)
[243, 682] (0.020417853751187084 43)
[450, 682] (0.022792022792022793 48)
[70, 283] (0.020892687559354226 44)
[280, 368] (0.023741690408357077 50)
[424, 826] (0.02184235517568851 46)
[720, 722] (0.023266856600189935 49)
[207, 368] (0.0251661918328585 53)
[450, 692] (0.026590693257359924 56)
[55, 489] (0.021367521367521368 45)
[24, 480] (0.0251661918328585 53)
[132, 368] (0.026590693257359924 56)
[112, 956] (0.026590693257359924 56)
[12, 204] (0.024216524216524215 51)
[132, 354] (0.024691358024691357 52)
[450, 674] (0.02184235517568851 46)
[55, 480] (0.033713200379867046 71)
[711, 829] (0.029439696106362774 62)
[795, 829] (0.0251661918328585 53)
[115, 890] (0.020892687559354226 44)
[217, 706] (0.026115859449192782 55)
[32, 489] (0.024216524216524215 51)
[897, 989] (0.020417853751187084 43)
[419, 944] (0.021367521367521368 45)
[489, 541] (0.023741690408357077 50)
[489, 548] (0.03276353276353276 69)
[401, 956] (0.020892687559354226 44)
[419, 956] (0.037037037037037035 78)
[72, 118] (0.021367521367521368 45)
[205, 862] (0.02231718898385565 47)
[919, 937] (0.024216524216524215 51)
[205, 854] (0.021367521367521368 45)
[31, 629] (0.022792022792022793 48)
[72, 120] (0.022792022792022793 48)
[489, 561] (0.020892687559354226 44)
[205, 897] (0.020892687559354226 44)
[116, 529] (0.020417853751187084 43)
[489, 571] (0.020417853751187084 43)
[141, 829] (0.024216524216524215 51)
[205, 883] (0.020892687559354226 44)
[419, 938] (0.023741690408357077 50)
[419, 937] (0.04415954415954416 93)
[489, 579] (0.026590693257359924 56)
[51, 283] (0.020892687559354226 44)
[140, 217] (0.024691358024691357 52)
[276, 368] (0.027540360873694207 58)
[71, 809] (0.020417853751187084 43)
[239, 438] (0.027065527065527065 57)
[71, 829] (0.03181386514719848 67)
[419, 992] (0.020417853751187084 43)
[112, 914] (0.026115859449192782 55)
[489, 510] (0.03513770180436847 74)
[450, 571] (0.028964862298195632 61)
[408, 829] (0.02184235517568851 46)
[12, 368] (0.037037037037037035 78)
[12, 362] (0.032288698955365625 68)
[413, 829] (0.023741690408357077 50)
[161, 694] (0.027540360873694207 58)
[161, 692] (0.026590693257359924 56)
[419, 966] (0.02564102564102564 54)
[390, 413] (0.023741690408357077 50)
[489, 529] (0.05318138651471985 112)
[413, 826] (0.026115859449192782 55)
[145, 529] (0.0389363722697056 82)
[161, 682] (0.0365622032288699 77)
[68, 676] (0.02231718898385565 47)
[351, 897] (0.02184235517568851 46)
[316, 968] (0.021367521367521368 45)
[239, 419] (0.022792022792022793 48)
[145, 510] (0.030389363722697058 64)
[82, 886] (0.020417853751187084 43)
[682, 692] (0.029914529914529916 63)
[73, 487] (0.020892687559354226 44)
[326, 766] (0.022792022792022793 48)
[73, 480] (0.020892687559354226 44)
[177, 326] (0.0251661918328585 53)
[145, 550] (0.024216524216524215 51)
[682, 687] (0.02231718898385565 47)
[893, 982] (0.022792022792022793 48)
[151, 752] (0.02184235517568851 46)
[151, 758] (0.023266856600189935 49)
[381, 766] (0.020417853751187084 43)
[31, 120] (0.020417853751187084 43)
[78, 571] (0.020892687559354226 44)
[48, 886] (0.020892687559354226 44)
[204, 766] (0.020417853751187084 43)
[151, 766] (0.02231718898385565 47)
[362, 419] (0.03513770180436847 74)
[752, 775] (0.020892687559354226 44)
[71, 883] (0.02184235517568851 46)
[597, 694] (0.020892687559354226 44)
[597, 692] (0.024216524216524215 51)
[204, 775] (0.020417853751187084 43)
[477, 829] (0.030389363722697058 64)
[110, 829] (0.03798670465337132 80)
[71, 895] (0.020417853751187084 43)
[752, 766] (0.02184235517568851 46)
[25, 682] (0.02231718898385565 47)
[177, 362] (0.021367521367521368 45)
[72, 159] (0.021367521367521368 45)
[362, 460] (0.020417853751187084 43)
[614, 937] (0.020417853751187084 43)
[413, 895] (0.02184235517568851 46)
[800, 829] (0.030389363722697058 64)
[294, 419] (0.022792022792022793 48)
[413, 890] (0.020417853751187084 43)
[419, 918] (0.026590693257359924 56)
[419, 919] (0.026115859449192782 55)
[72, 161] (0.024691358024691357 52)
[522, 956] (0.020417853751187084 43)
[419, 914] (0.026115859449192782 55)
[39, 529] (0.03133903133903134 66)
[326, 722] (0.020892687559354226 44)
[489, 598] (0.021367521367521368 45)
[198, 413] (0.0251661918328585 53)
[687, 722] (0.02184235517568851 46)
[196, 438] (0.020892687559354226 44)
[319, 529] (0.024216524216524215 51)
[236, 368] (0.02801519468186135 59)
[480, 489] (0.022792022792022793 48)
[417, 529] (0.02231718898385565 47)
[362, 438] (0.021367521367521368 45)
[294, 401] (0.023741690408357077 50)
[480, 484] (0.030389363722697058 64)
[682, 722] (0.032288698955365625 68)
[127, 346] (0.023266856600189935 49)
[682, 720] (0.020892687559354226 44)
[73, 510] (0.024691358024691357 52)
[145, 494] (0.021367521367521368 45)
[283, 385] (0.020417853751187084 43)
[362, 368] (0.04510921177587844 95)
[196, 529] (0.023741690408357077 50)
[412, 897] (0.02184235517568851 46)
[73, 529] (0.02801519468186135 59)
[217, 883] (0.02801519468186135 59)
[368, 373] (0.026115859449192782 55)
[480, 766] (0.02564102564102564 54)
[127, 368] (0.028964862298195632 61)
[82, 829] (0.02231718898385565 47)
[242, 368] (0.020417853751187084 43)
[48, 956] (0.021367521367521368 45)
[706, 766] (0.0251661918328585 53)
[242, 377] (0.022792022792022793 48)
[217, 862] (0.02564102564102564 54)
[598, 775] (0.02231718898385565 47)
[151, 829] (0.032288698955365625 68)
[132, 450] (0.020892687559354226 44)
[381, 675] (0.022792022792022793 48)
[236, 438] (0.022792022792022793 48)
[93, 368] (0.03133903133903134 66)
[8, 71] (0.023741690408357077 50)
[8, 70] (0.021367521367521368 45)
[8, 73] (0.021367521367521368 45)
[381, 694] (0.02801519468186135 59)
[381, 687] (0.022792022792022793 48)
[279, 829] (0.02564102564102564 54)
[368, 381] (0.04226020892687559 89)
[368, 385] (0.024691358024691357 52)
[177, 275] (0.022792022792022793 48)
[217, 897] (0.032288698955365625 68)
[217, 895] (0.030864197530864196 65)
[283, 368] (0.0389363722697056 82)
[183, 489] (0.021367521367521368 45)
[217, 890] (0.03276353276353276 69)
[236, 413] (0.026115859449192782 55)
[8, 45] (0.020892687559354226 44)
[368, 377] (0.027540360873694207 58)
[294, 368] (0.0389363722697056 82)
[110, 914] (0.029439696106362774 62)
[368, 390] (0.029439696106362774 62)
[665, 675] (0.020892687559354226 44)
[1, 145] (0.02231718898385565 47)
[706, 720] (0.023266856600189935 49)
[198, 368] (0.05128205128205128 108)
[706, 722] (0.022792022792022793 48)
[665, 682] (0.023266856600189935 49)
[294, 354] (0.020892687559354226 44)
[8, 120] (0.020892687559354226 44)
[205, 900] (0.02231718898385565 47)
[55, 362] (0.029439696106362774 62)
[361, 450] (0.020892687559354226 44)
[112, 829] (0.026590693257359924 56)
[55, 346] (0.020417853751187084 43)
[205, 914] (0.02801519468186135 59)
[4, 529] (0.02184235517568851 46)
[205, 919] (0.02184235517568851 46)
[265, 489] (0.02801519468186135 59)
[419, 890] (0.022792022792022793 48)
[419, 895] (0.027540360873694207 58)
[419, 897] (0.04036087369420703 85)
[283, 322] (0.021367521367521368 45)
[548, 692] (0.024216524216524215 51)
[283, 326] (0.024216524216524215 51)
[350, 368] (0.02849002849002849 60)
[413, 913] (0.020892687559354226 44)
[220, 674] (0.026115859449192782 55)
[205, 937] (0.02801519468186135 59)
[55, 326] (0.0251661918328585 53)
[419, 883] (0.030864197530864196 65)
[419, 886] (0.026115859449192782 55)
[419, 885] (0.026115859449192782 55)
[413, 914] (0.02184235517568851 46)
[217, 829] (0.04083570750237417 86)
[32, 368] (0.027065527065527065 57)
[120, 692] (0.020892687559354226 44)
[480, 712] (0.024691358024691357 52)
[316, 914] (0.020892687559354226 44)
[480, 722] (0.026590693257359924 56)
[205, 956] (0.029914529914529916 63)
[217, 844] (0.020417853751187084 43)
[460, 510] (0.029914529914529916 63)
[205, 966] (0.026115859449192782 55)
[780, 937] (0.02184235517568851 46)
[450, 510] (0.020417853751187084 43)
[460, 529] (0.03751187084520418 79)
[55, 368] (0.033713200379867046 71)
[120, 682] (0.02184235517568851 46)
[450, 529] (0.028964862298195632 61)
[427, 982] (0.020417853751187084 43)
[205, 982] (0.023266856600189935 49)
[217, 820] (0.023741690408357077 50)
[114, 419] (0.022792022792022793 48)
[12, 489] (0.02801519468186135 59)
[956, 992] (0.02564102564102564 54)
[529, 752] (0.03941120607787275 83)
[12, 480] (0.026590693257359924 56)
[529, 746] (0.030864197530864196 65)
[51, 368] (0.02801519468186135 59)
[674, 829] (0.024216524216524215 51)
[377, 529] (0.020892687559354226 44)
[674, 854] (0.026115859449192782 55)
[48, 489] (0.022792022792022793 48)
[145, 634] (0.030389363722697058 64)
[419, 862] (0.022792022792022793 48)
[419, 854] (0.02184235517568851 46)
[529, 722] (0.030389363722697058 64)
[354, 897] (0.023741690408357077 50)
[769, 829] (0.023741690408357077 50)
[21, 362] (0.020417853751187084 43)
[362, 510] (0.03608736942070275 76)
[294, 720] (0.027065527065527065 57)
[145, 628] (0.020417853751187084 43)
[21, 368] (0.027540360873694207 58)
[676, 792] (0.02231718898385565 47)
[204, 682] (0.022792022792022793 48)
[956, 982] (0.020892687559354226 44)
[809, 913] (0.022792022792022793 48)
[529, 720] (0.03561253561253561 75)
[419, 867] (0.023741690408357077 50)
[229, 692] (0.020417853751187084 43)
[110, 529] (0.024216524216524215 51)
[614, 829] (0.024216524216524215 51)
[54, 480] (0.030864197530864196 65)
[529, 706] (0.0365622032288699 77)
[752, 829] (0.030864197530864196 65)
[72, 217] (0.020892687559354226 44)
[809, 937] (0.020892687559354226 44)
[854, 937] (0.020417853751187084 43)
[69, 720] (0.020892687559354226 44)
[120, 276] (0.022792022792022793 48)
[477, 510] (0.020892687559354226 44)
[110, 510] (0.023266856600189935 49)
[239, 510] (0.030864197530864196 65)
[809, 956] (0.03466286799620133 73)
[354, 368] (0.038461538461538464 81)
[684, 829] (0.027065527065527065 57)
[419, 829] (0.0365622032288699 77)
[403, 692] (0.020892687559354226 44)
[217, 598] (0.020892687559354226 44)
[722, 937] (0.02564102564102564 54)
[71, 538] (0.023266856600189935 49)
[294, 795] (0.021367521367521368 45)
[354, 829] (0.0389363722697056 82)
[413, 510] (0.027065527065527065 57)
[217, 597] (0.02231718898385565 47)
[48, 438] (0.02184235517568851 46)
[722, 956] (0.03276353276353276 69)
[71, 541] (0.027065527065527065 57)
[413, 529] (0.03608736942070275 76)
[913, 937] (0.024216524216524215 51)
[54, 419] (0.02184235517568851 46)
[155, 177] (0.020417853751187084 43)
[177, 809] (0.03133903133903134 66)
[354, 800] (0.03466286799620133 73)
[722, 966] (0.02184235517568851 46)
[71, 510] (0.029439696106362774 62)
[48, 419] (0.020417853751187084 43)
[71, 529] (0.030389363722697058 64)
[346, 419] (0.023266856600189935 49)
[913, 914] (0.024216524216524215 51)
[766, 829] (0.037037037037037035 78)
[766, 826] (0.022792022792022793 48)
[766, 820] (0.020417853751187084 43)
[177, 829] (0.033713200379867046 71)
[185, 883] (0.02184235517568851 46)
[766, 862] (0.020417853751187084 43)
[450, 919] (0.027065527065527065 57)
[722, 982] (0.020417853751187084 43)
[122, 204] (0.021367521367521368 45)
[529, 797] (0.021367521367521368 45)
[529, 795] (0.020892687559354226 44)
[145, 692] (0.02801519468186135 59)
[413, 572] (0.023741690408357077 50)
[362, 529] (0.02564102564102564 54)
[71, 509] (0.02231718898385565 47)
[294, 758] (0.022792022792022793 48)
[766, 854] (0.021367521367521368 45)
[354, 883] (0.022792022792022793 48)
[177, 814] (0.020892687559354226 44)
[450, 914] (0.02231718898385565 47)
[529, 785] (0.030864197530864196 65)
[641, 895] (0.02231718898385565 47)
[31, 956] (0.021367521367521368 45)
[529, 784] (0.023266856600189935 49)
[956, 966] (0.026590693257359924 56)
[766, 883] (0.03513770180436847 74)
[294, 766] (0.027065527065527065 57)
[145, 682] (0.027540360873694207 58)
[145, 686] (0.024691358024691357 52)
[31, 914] (0.02184235517568851 46)
[529, 775] (0.02849002849002849 60)
[326, 897] (0.027065527065527065 57)
[217, 573] (0.021367521367521368 45)
[413, 538] (0.02801519468186135 59)
[198, 529] (0.022792022792022793 48)
[752, 883] (0.020892687559354226 44)
[204, 634] (0.023266856600189935 49)
[21, 937] (0.024691358024691357 52)
[198, 510] (0.022792022792022793 48)
[217, 561] (0.024691358024691357 52)
[529, 766] (0.032288698955365625 68)
[142, 220] (0.020417853751187084 43)
[913, 956] (0.030389363722697058 64)
[362, 541] (0.020417853751187084 43)
[368, 890] (0.03181386514719848 67)
[8, 829] (0.028964862298195632 61)
[368, 895] (0.046058879392212725 97)
[368, 893] (0.024216524216524215 51)
[450, 829] (0.02231718898385565 47)
[55, 682] (0.0251661918328585 53)
[368, 897] (0.043209876543209874 91)
[460, 489] (0.026115859449192782 55)
[719, 895] (0.02564102564102564 54)
[368, 883] (0.039886039886039885 84)
[71, 489] (0.03323836657169991 70)
[70, 419] (0.039886039886039885 84)
[368, 886] (0.030864197530864196 65)
[177, 862] (0.027540360873694207 58)
[368, 888] (0.02231718898385565 47)
[283, 489] (0.023266856600189935 49)
[217, 510] (0.039886039886039885 84)
[73, 692] (0.023266856600189935 49)
[663, 883] (0.022792022792022793 48)
[346, 368] (0.033713200379867046 71)
[71, 470] (0.02231718898385565 47)
[766, 785] (0.021367521367521368 45)
[217, 529] (0.04653371320037987 98)
[283, 470] (0.023741690408357077 50)
[70, 438] (0.020417853751187084 43)
[177, 883] (0.02184235517568851 46)
[368, 860] (0.028964862298195632 61)
[368, 862] (0.02849002849002849 60)
[368, 867] (0.023741690408357077 50)
[217, 538] (0.026115859449192782 55)
[766, 797] (0.023741690408357077 50)
[71, 450] (0.024216524216524215 51)
[177, 897] (0.020892687559354226 44)
[12, 70] (0.022792022792022793 48)
[32, 217] (0.024691358024691357 52)
[177, 890] (0.02564102564102564 54)
[234, 510] (0.026590693257359924 56)
[641, 937] (0.02184235517568851 46)
[368, 854] (0.02184235517568851 46)
[326, 968] (0.026590693257359924 56)
[362, 480] (0.02184235517568851 46)
[32, 205] (0.02801519468186135 59)
[46, 72] (0.020892687559354226 44)
[151, 205] (0.029439696106362774 62)
[70, 450] (0.024216524216524215 51)
[198, 450] (0.024216524216524215 51)
[151, 217] (0.023266856600189935 49)
[276, 746] (0.02184235517568851 46)
[71, 438] (0.03608736942070275 76)
[70, 489] (0.020417853751187084 43)
[70, 480] (0.022792022792022793 48)
[192, 419] (0.024216524216524215 51)
[21, 897] (0.027065527065527065 57)
[197, 217] (0.020417853751187084 43)
[480, 897] (0.03608736942070275 76)
[368, 829] (0.06362773029439696 134)
[722, 914] (0.021367521367521368 45)
[368, 825] (0.020892687559354226 44)
[368, 826] (0.028964862298195632 61)
[368, 820] (0.029439696106362774 62)
[663, 829] (0.0251661918328585 53)
[722, 918] (0.026590693257359924 56)
[480, 829] (0.03323836657169991 70)
[192, 480] (0.021367521367521368 45)
[720, 937] (0.0251661918328585 53)
[207, 576] (0.0251661918328585 53)
[368, 814] (0.02801519468186135 59)
[438, 470] (0.032288698955365625 68)
[368, 809] (0.021367521367521368 45)
[161, 722] (0.023741690408357077 50)
[438, 460] (0.02564102564102564 54)
[368, 800] (0.03418803418803419 72)
[171, 368] (0.020417853751187084 43)
[419, 795] (0.020892687559354226 44)
[183, 529] (0.024691358024691357 52)
[419, 797] (0.029439696106362774 62)
[8, 897] (0.020417853751187084 43)
[279, 775] (0.022792022792022793 48)
[8, 895] (0.023266856600189935 49)
[676, 712] (0.0251661918328585 53)
[720, 919] (0.02231718898385565 47)
[205, 368] (0.04700854700854701 99)
[450, 885] (0.026115859449192782 55)
[450, 883] (0.030864197530864196 65)
[32, 239] (0.020417853751187084 43)
[280, 829] (0.024216524216524215 51)
[484, 883] (0.030864197530864196 65)
[676, 711] (0.023741690408357077 50)
[205, 362] (0.02564102564102564 54)
[450, 890] (0.020417853751187084 43)
[205, 354] (0.02184235517568851 46)
[8, 883] (0.026115859449192782 55)
[93, 674] (0.02801519468186135 59)
[12, 419] (0.037037037037037035 78)
[192, 450] (0.02564102564102564 54)
[140, 510] (0.027540360873694207 58)
[480, 854] (0.029439696106362774 62)
[205, 350] (0.020892687559354226 44)
[283, 450] (0.02184235517568851 46)
[70, 938] (0.021367521367521368 45)
[419, 766] (0.0365622032288699 77)
[809, 890] (0.020892687559354226 44)
[140, 529] (0.020892687559354226 44)
[279, 722] (0.021367521367521368 45)
[12, 438] (0.021367521367521368 45)
[484, 854] (0.023741690408357077 50)
[93, 692] (0.020892687559354226 44)
[70, 956] (0.0251661918328585 53)
[112, 283] (0.020892687559354226 44)
[283, 438] (0.02801519468186135 59)
[419, 752] (0.027065527065527065 57)
[663, 897] (0.021367521367521368 45)
[438, 494] (0.03608736942070275 76)
[46, 368] (0.029439696106362774 62)
[68, 110] (0.02564102564102564 54)
[720, 956] (0.026590693257359924 56)
[12, 450] (0.02801519468186135 59)
[140, 541] (0.02184235517568851 46)
[120, 346] (0.021367521367521368 45)
[46, 354] (0.02184235517568851 46)
[438, 489] (0.0446343779677113 94)
[283, 419] (0.026115859449192782 55)
[687, 694] (0.02184235517568851 46)
[283, 413] (0.022792022792022793 48)
[120, 350] (0.02184235517568851 46)
[265, 368] (0.027065527065527065 57)
[509, 814] (0.02231718898385565 47)
[69, 886] (0.020417853751187084 43)
[366, 529] (0.020892687559354226 44)
[145, 766] (0.02231718898385565 47)
[529, 862] (0.030389363722697058 64)
[204, 541] (0.02564102564102564 54)
[674, 722] (0.022792022792022793 48)
[110, 676] (0.026115859449192782 55)
[419, 720] (0.03418803418803419 72)
[692, 914] (0.028964862298195632 61)
[529, 854] (0.033713200379867046 71)
[419, 722] (0.03751187084520418 79)
[614, 766] (0.022792022792022793 48)
[204, 554] (0.02231718898385565 47)
[862, 956] (0.020417853751187084 43)
[529, 844] (0.0251661918328585 53)
[694, 775] (0.021367521367521368 45)
[529, 886] (0.02564102564102564 54)
[438, 510] (0.045584045584045586 96)
[529, 883] (0.048907882241215575 103)
[529, 885] (0.02231718898385565 47)
[140, 438] (0.020892687559354226 44)
[145, 795] (0.023266856600189935 49)
[120, 381] (0.022792022792022793 48)
[102, 489] (0.021367521367521368 45)
[820, 829] (0.024691358024691357 52)
[145, 797] (0.02231718898385565 47)
[578, 829] (0.02231718898385565 47)
[692, 937] (0.03466286799620133 73)
[115, 217] (0.020417853751187084 43)
[529, 871] (0.020892687559354226 44)
[438, 529] (0.05270655270655271 111)
[752, 982] (0.021367521367521368 45)
[120, 368] (0.056505223171889836 119)
[674, 712] (0.0251661918328585 53)
[110, 682] (0.028964862298195632 61)
[362, 611] (0.020417853751187084 43)
[692, 947] (0.020892687559354226 44)
[487, 510] (0.023266856600189935 49)
[694, 752] (0.026590693257359924 56)
[529, 867] (0.026590693257359924 56)
[820, 897] (0.020417853751187084 43)
[438, 538] (0.02231718898385565 47)
[145, 720] (0.02231718898385565 47)
[145, 722] (0.027065527065527065 57)
[72, 368] (0.03608736942070275 76)
[692, 956] (0.027540360873694207 58)
[477, 676] (0.030864197530864196 65)
[752, 937] (0.023741690408357077 50)
[529, 819] (0.020892687559354226 44)
[766, 919] (0.022792022792022793 48)
[54, 574] (0.023266856600189935 49)
[675, 904] (0.02184235517568851 46)
[766, 914] (0.024691358024691357 52)
[809, 829] (0.021367521367521368 45)
[438, 548] (0.02231718898385565 47)
[529, 800] (0.03323836657169991 70)
[529, 804] (0.024691358024691357 52)
[675, 914] (0.026590693257359924 56)
[529, 809] (0.022792022792022793 48)
[220, 854] (0.02231718898385565 47)
[381, 937] (0.022792022792022793 48)
[752, 952] (0.02231718898385565 47)
[752, 956] (0.02184235517568851 46)
[161, 897] (0.020892687559354226 44)
[145, 736] (0.02231718898385565 47)
[529, 820] (0.020417853751187084 43)
[529, 829] (0.05698005698005698 120)
[177, 934] (0.020892687559354226 44)
[766, 966] (0.027065527065527065 57)
[354, 937] (0.020417853751187084 43)
[746, 800] (0.026115859449192782 55)
[4, 800] (0.02184235517568851 46)
[275, 368] (0.02184235517568851 46)
[198, 682] (0.020892687559354226 44)
[132, 766] (0.024216524216524215 51)
[766, 956] (0.0251661918328585 53)
[276, 529] (0.02801519468186135 59)
[350, 529] (0.028964862298195632 61)
[177, 914] (0.020892687559354226 44)
[346, 510] (0.03133903133903134 66)
[354, 956] (0.02184235517568851 46)
[675, 937] (0.032288698955365625 68)
[684, 720] (0.02231718898385565 47)
[362, 692] (0.02184235517568851 46)
[354, 966] (0.023266856600189935 49)
[766, 937] (0.026590693257359924 56)
[71, 674] (0.023266856600189935 49)
[151, 177] (0.021367521367521368 45)
[362, 684] (0.020417853751187084 43)
[362, 682] (0.027540360873694207 58)
[862, 919] (0.020892687559354226 44)
[413, 682] (0.024691358024691357 52)
[529, 890] (0.029914529914529916 63)
[883, 982] (0.023741690408357077 50)
[529, 895] (0.02564102564102564 54)
[217, 692] (0.026590693257359924 56)
[529, 897] (0.03608736942070275 76)
[217, 694] (0.020417853751187084 43)
[38, 829] (0.027065527065527065 57)
[54, 529] (0.020417853751187084 43)
[217, 684] (0.020417853751187084 43)
[177, 956] (0.02231718898385565 47)
[766, 998] (0.020892687559354226 44)
[204, 510] (0.027065527065527065 57)
[694, 722] (0.02231718898385565 47)
[362, 663] (0.02564102564102564 54)
[217, 682] (0.03941120607787275 83)
[204, 529] (0.024691358024691357 52)
[217, 676] (0.024216524216524215 51)
[217, 675] (0.030389363722697058 64)
[177, 947] (0.021367521367521368 45)
[229, 766] (0.024216524216524215 51)
[684, 766] (0.02184235517568851 46)
[883, 966] (0.020892687559354226 44)
[829, 897] (0.037037037037037035 78)
[509, 914] (0.020417853751187084 43)
[829, 895] (0.03466286799620133 73)
[8, 937] (0.026590693257359924 56)
[720, 862] (0.02231718898385565 47)
[346, 489] (0.020892687559354226 44)
[368, 992] (0.023741690408357077 50)
[192, 529] (0.024691358024691357 52)
[720, 883] (0.027065527065527065 57)
[675, 886] (0.02231718898385565 47)
[177, 982] (0.020892687559354226 44)
[663, 998] (0.023741690408357077 50)
[766, 895] (0.023266856600189935 49)
[720, 895] (0.02184235517568851 46)
[766, 893] (0.021367521367521368 45)
[217, 634] (0.023741690408357077 50)
[766, 890] (0.023266856600189935 49)
[236, 956] (0.022792022792022793 48)
[766, 897] (0.02849002849002849 60)
[345, 529] (0.02184235517568851 46)
[227, 368] (0.021367521367521368 45)
[55, 71] (0.023266856600189935 49)
[720, 897] (0.02849002849002849 60)
[494, 510] (0.022792022792022793 48)
[8, 956] (0.023741690408357077 50)
[46, 408] (0.020417853751187084 43)
[641, 829] (0.020892687559354226 44)
[829, 854] (0.02231718898385565 47)
[368, 967] (0.02231718898385565 47)
[8, 982] (0.02184235517568851 46)
[368, 966] (0.03323836657169991 70)
[236, 937] (0.020417853751187084 43)
[217, 614] (0.02231718898385565 47)
[450, 722] (0.020892687559354226 44)
[12, 510] (0.02849002849002849 60)
[450, 720] (0.022792022792022793 48)
[27, 71] (0.021367521367521368 45)
[829, 862] (0.028964862298195632 61)
[829, 867] (0.023741690408357077 50)
[368, 956] (0.03513770180436847 74)
[368, 952] (0.02849002849002849 60)
[55, 529] (0.026590693257359924 56)
[339, 829] (0.024691358024691357 52)
[132, 661] (0.020892687559354226 44)
[346, 438] (0.027065527065527065 57)
[55, 510] (0.03941120607787275 83)
[368, 983] (0.026590693257359924 56)
[368, 982] (0.033713200379867046 71)
[368, 981] (0.02231718898385565 47)
[368, 989] (0.021367521367521368 45)
[236, 914] (0.021367521367521368 45)
[829, 885] (0.02231718898385565 47)
[829, 886] (0.03276353276353276 69)
[829, 888] (0.021367521367521368 45)
[829, 883] (0.027065527065527065 57)
[829, 890] (0.03276353276353276 69)
[450, 752] (0.024216524216524215 51)
[368, 921] (0.022792022792022793 48)
[120, 438] (0.03798670465337132 80)
[97, 529] (0.026590693257359924 56)
[51, 438] (0.021367521367521368 45)
[283, 510] (0.039886039886039885 84)
[419, 694] (0.026115859449192782 55)
[368, 918] (0.04368471035137702 92)
[419, 692] (0.0251661918328585 53)
[368, 919] (0.03561253561253561 75)
[368, 914] (0.0560303893637227 118)
[21, 72] (0.027540360873694207 58)
[368, 913] (0.03941120607787275 83)
[368, 912] (0.02184235517568851 46)
[12, 550] (0.02184235517568851 46)
[161, 883] (0.0251661918328585 53)
[419, 682] (0.028964862298195632 61)
[795, 956] (0.023741690408357077 50)
[450, 766] (0.03513770180436847 74)
[375, 489] (0.020892687559354226 44)
[529, 914] (0.0389363722697056 82)
[368, 947] (0.022792022792022793 48)
[529, 913] (0.024216524216524215 51)
[205, 217] (0.027065527065527065 57)
[368, 949] (0.020417853751187084 43)
[529, 918] (0.026115859449192782 55)
[120, 419] (0.030864197530864196 65)
[69, 937] (0.02184235517568851 46)
[112, 368] (0.030389363722697058 64)
[239, 722] (0.02184235517568851 46)
[419, 675] (0.0251661918328585 53)
[419, 676] (0.030389363722697058 64)
[862, 883] (0.027540360873694207 58)
[480, 956] (0.02849002849002849 60)
[529, 919] (0.03181386514719848 67)
[419, 674] (0.026115859449192782 55)
[70, 368] (0.030864197530864196 65)
[438, 597] (0.020892687559354226 44)
[205, 207] (0.024691358024691357 52)
[73, 720] (0.02184235517568851 46)
[12, 529] (0.032288698955365625 68)
[438, 593] (0.023741690408357077 50)
[70, 366] (0.020417853751187084 43)
[368, 938] (0.02184235517568851 46)
[368, 937] (0.050332383665717 106)
[239, 720] (0.021367521367521368 45)
[752, 914] (0.020892687559354226 44)
[93, 529] (0.026115859449192782 55)
[419, 663] (0.02184235517568851 46)
[480, 966] (0.02564102564102564 54)
[509, 966] (0.020892687559354226 44)
[862, 897] (0.023266856600189935 49)
[283, 529] (0.03798670465337132 80)
[419, 661] (0.020417853751187084 43)
[145, 706] (0.023741690408357077 50)
[720, 829] (0.03323836657169991 70)
[480, 937] (0.02184235517568851 46)
[480, 938] (0.020892687559354226 44)
[377, 424] (0.020417853751187084 43)
[316, 438] (0.023741690408357077 50)
[377, 419] (0.02184235517568851 46)
[598, 966] (0.0251661918328585 53)
[377, 438] (0.027540360873694207 58)
[140, 419] (0.03276353276353276 69)
[120, 489] (0.024216524216524215 51)
[120, 487] (0.02564102564102564 54)
[674, 766] (0.021367521367521368 45)
[373, 829] (0.020417853751187084 43)
[120, 480] (0.020892687559354226 44)
[27, 956] (0.020892687559354226 44)
[480, 918] (0.027540360873694207 58)
[368, 904] (0.024691358024691357 52)
[674, 759] (0.022792022792022793 48)
[120, 450] (0.02231718898385565 47)
[161, 829] (0.023266856600189935 49)
[39, 368] (0.03133903133903134 66)
[12, 579] (0.020417853751187084 43)
[12, 571] (0.020892687559354226 44)
[424, 956] (0.03133903133903134 66)
[93, 484, 759] (0.020417853751187084 43)
[220, 484, 759] (0.021367521367521368 45)
[424, 538, 956] (0.020417853751187084 43)
[93, 674, 759] (0.020417853751187084 43)
[480, 674, 712] (0.02184235517568851 46)
[93, 220, 854] (0.020892687559354226 44)
[93, 674, 712] (0.02231718898385565 47)
[538, 572, 956] (0.020417853751187084 43)
[220, 480, 674] (0.020892687559354226 44)
[424, 826, 956] (0.020417853751187084 43)
[220, 484, 712] (0.021367521367521368 45)
[674, 712, 854] (0.020892687559354226 44)
[354, 800, 829] (0.020892687559354226 44)
[484, 712, 759] (0.020417853751187084 43)
[538, 797, 826] (0.020417853751187084 43)
[93, 480, 712] (0.021367521367521368 45)
[413, 538, 956] (0.02184235517568851 46)
[368, 895, 937] (0.02231718898385565 47)
[413, 797, 826] (0.020892687559354226 44)
[93, 484, 712] (0.021367521367521368 45)
[413, 424, 956] (0.020892687559354226 44)
[93, 220, 712] (0.02184235517568851 46)
[538, 572, 826] (0.020417853751187084 43)
[93, 220, 759] (0.020417853751187084 43)
[220, 484, 674] (0.02231718898385565 47)
[538, 826, 956] (0.02231718898385565 47)
[368, 489, 529] (0.02184235517568851 46)
[220, 480, 712] (0.020892687559354226 44)
[93, 712, 759] (0.020892687559354226 44)
[538, 572, 797] (0.020417853751187084 43)
[480, 484, 674] (0.020892687559354226 44)
[93, 220, 674] (0.021367521367521368 45)
[413, 538, 826] (0.020892687559354226 44)
[368, 675, 682] (0.020417853751187084 43)
[674, 712, 759] (0.020417853751187084 43)
[220, 712, 854] (0.021367521367521368 45)
[93, 480, 484] (0.020892687559354226 44)
[424, 538, 797] (0.020417853751187084 43)
[368, 529, 829] (0.020892687559354226 44)
[572, 797, 956] (0.020417853751187084 43)
[368, 489, 682] (0.027540360873694207 58)
[413, 538, 797] (0.021367521367521368 45)
[480, 484, 712] (0.020417853751187084 43)
[93, 712, 854] (0.020417853751187084 43)
[220, 674, 854] (0.020892687559354226 44)
[198, 368, 937] (0.02231718898385565 47)
[93, 484, 674] (0.020892687559354226 44)
[484, 674, 759] (0.021367521367521368 45)
[484, 674, 712] (0.021367521367521368 45)
[93, 674, 854] (0.020417853751187084 43)
[538, 797, 956] (0.021367521367521368 45)
[93, 220, 484] (0.021367521367521368 45)
[93, 220, 480] (0.021367521367521368 45)
[93, 480, 674] (0.020892687559354226 44)
[220, 674, 759] (0.02184235517568851 46)
[413, 826, 956] (0.020417853751187084 43)
[220, 674, 712] (0.02184235517568851 46)
[220, 480, 484] (0.020892687559354226 44)
[413, 572, 956] (0.020417853751187084 43)
[220, 712, 759] (0.020417853751187084 43)
[93, 480, 674, 712] (0.020892687559354226 44)
[480, 484, 674, 712] (0.020417853751187084 43)
[220, 484, 674, 712] (0.020892687559354226 44)
[413, 538, 826, 956] (0.020417853751187084 43)
[220, 480, 674, 712] (0.020892687559354226 44)
[93, 220, 674, 712] (0.021367521367521368 45)
[220, 484, 674, 759] (0.020892687559354226 44)
[93, 484, 712, 759] (0.020417853751187084 43)
[93, 220, 712, 759] (0.020417853751187084 43)
[93, 220, 484, 674] (0.020417853751187084 43)
[93, 220, 484, 712] (0.020892687559354226 44)
[93, 484, 674, 712] (0.020892687559354226 44)
[93, 220, 712, 854] (0.020417853751187084 43)
[93, 220, 480, 712] (0.020417853751187084 43)
[93, 220, 480, 674] (0.020417853751187084 43)
[93, 674, 712, 759] (0.020417853751187084 43)
[220, 674, 712, 854] (0.020417853751187084 43)
[93, 220, 484, 674, 712] (0.020417853751187084 43)
[93, 220, 480, 674, 712] (0.020417853751187084 43)
