[170, 180, 184, 188, 4438]:	11376
[170, 180, 184, 188]:	23164
[170, 180, 184, 4426, 4428]:	23143
[170, 180, 184, 4426, 4438, 7062]:	11431
[170, 180, 184, 4426, 4438]:	35085
[170, 180, 184, 4426, 7062]:	11451
[170, 180, 184, 4426]:	35156
[170, 180, 184, 4428, 4438, 7062]:	11432
[170, 180, 184, 4428, 4438]:	46971
[170, 180, 184, 4428, 7062]:	23218
[170, 180, 184, 4428]:	47073
[170, 180, 184, 4432, 4438]:	11773
[170, 180, 184, 4432]:	23557
[170, 180, 184, 4434, 4438]:	34933
[170, 180, 184, 4434]:	35006
[170, 180, 184, 4438, 4940]:	11372
[170, 180, 184, 4438, 7062]:	47403
[170, 180, 184, 4438, 7092]:	11396
[170, 180, 184, 4438]:	47815
[170, 180, 184, 4940]:	23158
[170, 180, 184, 7062, 7092]:	11377
[170, 180, 184, 7062]:	47502
[170, 180, 184, 7092]:	11417
[170, 180, 184]:	47917
[170, 180, 188, 4438]:	11376
[170, 180, 188]:	23164
[170, 180, 4426, 4428]:	23143
[170, 180, 4426, 4438, 7062]:	11431
[170, 180, 4426, 4438]:	35085
[170, 180, 4426, 7062]:	11451
[170, 180, 4426]:	35156
[170, 180, 4428, 4438, 7062]:	11432
[170, 180, 4428, 4438]:	46971
[170, 180, 4428, 7062]:	23218
[170, 180, 4428]:	47073
[170, 180, 4432, 4438]:	11773
[170, 180, 4432]:	23557
[170, 180, 4434, 4438]:	34933
[170, 180, 4434]:	35006
[170, 180, 4438, 4940]:	11372
[170, 180, 4438, 7062]:	47403
[170, 180, 4438, 7092]:	11396
[170, 180, 4438]:	47815
[170, 180, 4940]:	23158
[170, 180, 7062, 7092]:	11377
[170, 180, 7062]:	47502
[170, 180, 7092]:	11417
[170, 180]:	47917
[170, 184, 188, 4438]:	11376
[170, 184, 188]:	23164
[170, 184, 4426, 4428]:	23143
[170, 184, 4426, 4438, 7062]:	11431
[170, 184, 4426, 4438]:	35085
[170, 184, 4426, 7062]:	11451
[170, 184, 4426]:	35156
[170, 184, 4428, 4438, 7062]:	11432
[170, 184, 4428, 4438]:	46971
[170, 184, 4428, 7062]:	23218
[170, 184, 4428]:	47073
[170, 184, 4432, 4438]:	11773
[170, 184, 4432]:	23557
[170, 184, 4434, 4438]:	34933
[170, 184, 4434]:	35006
[170, 184, 4438, 4940]:	11372
[170, 184, 4438, 7062]:	47403
[170, 184, 4438, 7092]:	11396
[170, 184, 4438]:	47815
[170, 184, 4940]:	23158
[170, 184, 7062, 7092]:	11377
[170, 184, 7062]:	47502
[170, 184, 7092]:	11417
[170, 184]:	47917
[170, 188, 4426]:	11374
[170, 188, 4428]:	11378
[170, 188, 4438, 7062]:	23298
[170, 188, 4438]:	23391
[170, 188, 7062]:	23348
[170, 188]:	23442
[170, 4426, 4428, 4438, 7062]:	23247
[170, 4426, 4428, 4438]:	35251
[170, 4426, 4428, 7062]:	23282
[170, 4426, 4428]:	35322
[170, 4426, 4434]:	11373
[170, 4426, 4438, 7062]:	23495
[170, 4426, 4438, 7092]:	11372
[170, 4426, 4438]:	35593
[170, 4426, 4940]:	11364
[170, 4426, 7062]:	35305
[170, 4426, 7092]:	11393
[170, 4426]:	35664
[170, 4428, 4432, 4438]:	11772
[170, 4428, 4432]:	23557
[170, 4428, 4434, 4438]:	23125
[170, 4428, 4434]:	34925
[170, 4428, 4438, 7062]:	47215
[170, 4428, 4438, 7092]:	11377
[170, 4428, 4438]:	47620
[170, 4428, 4940]:	11369
[170, 4428, 7062]:	47314
[170, 4428, 7092]:	11398
[170, 4428]:	47722
[170, 4432, 4438, 7062]:	35107
[170, 4432, 4438]:	47196
[170, 4432, 7062]:	35169
[170, 4432]:	47289
[170, 4434, 4438, 7062]:	35201
[170, 4434, 4438]:	47313
[170, 4434, 7062]:	47005
[170, 4434]:	47398
[170, 4436, 4438, 7062]:	11369
[170, 4436, 4438]:	23171
[170, 4436, 7062]:	11383
[170, 4436]:	23196
[170, 4438, 4940, 7062]:	35076
[170, 4438, 4940]:	47092
[170, 4438, 7062, 7092]:	23262
[170, 4438, 7062]:	48057
[170, 4438, 7092]:	46972
[170, 4438]:	48470
[170, 4940, 7062]:	35142
[170, 4940]:	47193
[170, 7062, 7092]:	23311
[170, 7062]:	48156
[170, 7092]:	47072
[170]:	48572
[180, 184, 188, 4438, 7062]:	23197
[180, 184, 188, 4438]:	23290
[180, 184, 188, 7062]:	23247
[180, 184, 188]:	23341
[180, 184, 4426, 4428, 4438, 7062]:	11407
[180, 184, 4426, 4428, 4438]:	23247
[180, 184, 4426, 4428, 7062]:	11427
[180, 184, 4426, 4428]:	35059
[180, 184, 4426, 4438, 7062]:	23313
[180, 184, 4426, 4438]:	35329
[180, 184, 4426, 7062]:	23348
[180, 184, 4426]:	35400
[180, 184, 4428, 4438, 7062]:	46906
[180, 184, 4428, 4438]:	47310
[180, 184, 4428, 7062]:	47005
[180, 184, 4428]:	47412
[180, 184, 4432, 4438, 7062]:	23162
[180, 184, 4432, 4438]:	46882
[180, 184, 4432, 7062]:	23209
[180, 184, 4432]:	46975
[180, 184, 4434, 4438, 7062]:	23240
[180, 184, 4434, 4438]:	46997
[180, 184, 4434, 7062]:	23284
[180, 184, 4434]:	47082
[180, 184, 4438, 4940, 7062]:	23189
[180, 184, 4438, 4940]:	46792
[180, 184, 4438, 7062, 7092]:	11448
[180, 184, 4438, 7062]:	47744
[180, 184, 4438, 7092]:	35006
[180, 184, 4438]:	48156
[180, 184, 4940, 7062]:	23240
[180, 184, 4940]:	46893
[180, 184, 7062, 7092]:	23218
[180, 184, 7062]:	47843
[180, 184, 7092]:	35090
[180, 184]:	48258
[180, 188, 4438, 7062]:	23197
[180, 188, 4438]:	23290
[180, 188, 7062]:	23247
[180, 188]:	23341
[180, 4426, 4428, 4438, 7062]:	11407
[180, 4426, 4428, 4438]:	23247
[180, 4426, 4428, 7062]:	11427
[180, 4426, 4428]:	35059
[180, 4426, 4438, 7062]:	23313
[180, 4426, 4438]:	35329
[180, 4426, 7062]:	23348
[180, 4426]:	35400
[180, 4428, 4438, 7062]:	46906
[180, 4428, 4438]:	47310
[180, 4428, 7062]:	47005
[180, 4428]:	47412
[180, 4432, 4438, 7062]:	23162
[180, 4432, 4438]:	46882
[180, 4432, 7062]:	23209
[180, 4432]:	46975
[180, 4434, 4438, 7062]:	23240
[180, 4434, 4438]:	46997
[180, 4434, 7062]:	23284
[180, 4434]:	47082
[180, 4438, 4940, 7062]:	23189
[180, 4438, 4940]:	46792
[180, 4438, 7062, 7092]:	11448
[180, 4438, 7062]:	47744
[180, 4438, 7092]:	35006
[180, 4438]:	48156
[180, 4940, 7062]:	23240
[180, 4940]:	46893
[180, 7062, 7092]:	23218
[180, 7062]:	47843
[180, 7092]:	35090
[180]:	48258
[184, 188, 4438, 7062]:	23197
[184, 188, 4438]:	23290
[184, 188, 7062]:	23247
[184, 188]:	23341
[184, 4426, 4428, 4438, 7062]:	11407
[184, 4426, 4428, 4438]:	23247
[184, 4426, 4428, 7062]:	11427
[184, 4426, 4428]:	35059
[184, 4426, 4438, 7062]:	23313
[184, 4426, 4438]:	35329
[184, 4426, 7062]:	23348
[184, 4426]:	35400
[184, 4428, 4438, 7062]:	46906
[184, 4428, 4438]:	47310
[184, 4428, 7062]:	47005
[184, 4428]:	47412
[184, 4432, 4438, 7062]:	23162
[184, 4432, 4438]:	46882
[184, 4432, 7062]:	23209
[184, 4432]:	46975
[184, 4434, 4438, 7062]:	23240
[184, 4434, 4438]:	46997
[184, 4434, 7062]:	23284
[184, 4434]:	47082
[184, 4438, 4940, 7062]:	23189
[184, 4438, 4940]:	46792
[184, 4438, 7062, 7092]:	11448
[184, 4438, 7062]:	47744
[184, 4438, 7092]:	35006
[184, 4438]:	48156
[184, 4940, 7062]:	23240
[184, 4940]:	46893
[184, 7062, 7092]:	23218
[184, 7062]:	47843
[184, 7092]:	35090
[184]:	48258
[188, 4426, 4428, 4438]:	11368
[188, 4426, 4428]:	11389
[188, 4426, 4438, 7062]:	11443
[188, 4426, 4438]:	11481
[188, 4426, 7062]:	11463
[188, 4426]:	11502
[188, 4428, 4438, 7062]:	11449
[188, 4428, 4438]:	11488
[188, 4428, 7062]:	11469
[188, 4428]:	11509
[188, 4432]:	11370
[188, 4434, 4438]:	11395
[188, 4434, 7062]:	11376
[188, 4434]:	11413
[188, 4438, 4940]:	11384
[188, 4438, 7062, 7092]:	11364
[188, 4438, 7062]:	23542
[188, 4438, 7092]:	11403
[188, 4438]:	23636
[188, 4940, 7062]:	11364
[188, 4940]:	11405
[188, 7062, 7092]:	11384
[188, 7062]:	23592
[188, 7092]:	11424
[188]:	23687
[4426, 4428, 4432]:	11368
[4426, 4428, 4434, 4438]:	11380
[4426, 4428, 4434, 7062]:	11363
[4426, 4428, 4434]:	11398
[4426, 4428, 4438, 7062]:	23506
[4426, 4428, 4438, 7092]:	11391
[4426, 4428, 4438]:	35598
[4426, 4428, 4940]:	11382
[4426, 4428, 7062, 7092]:	11374
[4426, 4428, 7062]:	35313
[4426, 4428, 7092]:	11412
[4426, 4428]:	35669
[4426, 4432, 4438, 7062]:	23164
[4426, 4432, 4438]:	35037
[4426, 4432, 7062]:	23198
[4426, 4432]:	35102
[4426, 4434, 4438, 7062]:	23212
[4426, 4434, 4438]:	35091
[4426, 4434, 7062]:	23240
[4426, 4434]:	35149
[4426, 4436]:	11375
[4426, 4438, 4940, 7062]:	11435
[4426, 4438, 4940]:	23244
[4426, 4438, 7062, 7092]:	11467
[4426, 4438, 7062]:	35584
[4426, 4438, 7092]:	11504
[4426, 4438]:	35941
[4426, 4940, 7062]:	11455
[4426, 4940]:	23280
[4426, 7062, 7092]:	11487
[4426, 7062]:	35652
[4426, 7092]:	11525
[4426]:	47772
[4428, 4432, 4438, 7062]:	23220
[4428, 4432, 4438]:	35196
[4428, 4432, 7062]:	23254
[4428, 4432]:	47020
[4428, 4434, 4438, 7062]:	23254
[4428, 4434, 4438]:	35218
[4428, 4434, 7062]:	23282
[4428, 4434]:	47045
[4428, 4436, 4438]:	11370
[4428, 4436]:	11385
[4428, 4438, 4940, 7062]:	11441
[4428, 4438, 4940]:	35017
[4428, 4438, 7062, 7092]:	11474
[4428, 4438, 7062]:	47684
[4428, 4438, 7092]:	11512
[4428, 4438]:	48091
[4428, 4940, 7062]:	11461
[4428, 4940]:	35087
[4428, 7062, 7092]:	11494
[4428, 7062]:	47783
[4428, 7092]:	23293
[4428]:	48193
[4430, 4438]:	11756
[4430]:	23154
[4432, 4434, 4438, 7062]:	23143
[4432, 4434, 4438]:	46804
[4432, 4434, 7062]:	34915
[4432, 4434]:	46888
[4432, 4438, 7062]:	47280
[4432, 4438, 7092]:	11370
[4432, 4438]:	47666
[4432, 4940]:	11370
[4432, 7062]:	47371
[4432, 7092]:	11390
[4432]:	47759
[4434, 4438, 4940]:	11395
[4434, 4438, 7062, 7092]:	11385
[4434, 4438, 7062]:	47388
[4434, 4438, 7092]:	11420
[4434, 4438]:	47781
[4434, 4940, 7062]:	11376
[4434, 4940]:	11413
[4434, 7062, 7092]:	11402
[4434, 7062]:	47471
[4434, 7092]:	11438
[4434]:	47866
[4436, 4438, 7062]:	23312
[4436, 4438]:	46975
[4436, 7062]:	35090
[4436]:	47050
[4438, 4940, 7062, 7092]:	11372
[4438, 4940, 7062]:	35434
[4438, 4940, 7092]:	11411
[4438, 4940]:	47539
[4438, 7062, 7092]:	35348
[4438, 7062]:	48529
[4438, 7092]:	47426
[4438, 7112]:	11397
[4438]:	48944
[4940, 7062, 7092]:	11392
[4940, 7062]:	35500
[4940, 7092]:	11432
[4940]:	47640
[7062, 7092]:	35412
[7062, 7112]:	11377
[7062]:	48628
[7092]:	47526
[7112]:	11416
