[170, 180, 184, 4428, 4438]	 (46971)
[170, 180, 184, 4428]	 (47073)
[170, 180, 184, 4438, 7062]	 (47403)
[170, 180, 184, 4438]	 (47815)
[170, 180, 184, 7062]	 (47502)
[170, 180, 184]	 (47917)
[170, 180, 4428, 4438]	 (46971)
[170, 180, 4428]	 (47073)
[170, 180, 4438, 7062]	 (47403)
[170, 180, 4438]	 (47815)
[170, 180, 7062]	 (47502)
[170, 180]	 (47917)
[170, 184, 4428, 4438]	 (46971)
[170, 184, 4428]	 (47073)
[170, 184, 4438, 7062]	 (47403)
[170, 184, 4438]	 (47815)
[170, 184, 7062]	 (47502)
[170, 184]	 (47917)
[170, 4428, 4438, 7062]	 (47215)
[170, 4428, 4438]	 (47620)
[170, 4428, 7062]	 (47314)
[170, 4428]	 (47722)
[170, 4432, 4438]	 (47196)
[170, 4432]	 (47289)
[170, 4434, 4438]	 (47313)
[170, 4434, 7062]	 (47005)
[170, 4434]	 (47398)
[170, 4438, 4940]	 (47092)
[170, 4438, 7062]	 (48057)
[170, 4438, 7092]	 (46972)
[170, 4438]	 (48470)
[170, 4940]	 (47193)
[170, 7062]	 (48156)
[170, 7092]	 (47072)
[170]	 (48572)
[180, 184, 4428, 4438, 7062]	 (46906)
[180, 184, 4428, 4438]	 (47310)
[180, 184, 4428, 7062]	 (47005)
[180, 184, 4428]	 (47412)
[180, 184, 4432, 4438]	 (46882)
[180, 184, 4432]	 (46975)
[180, 184, 4434, 4438]	 (46997)
[180, 184, 4434]	 (47082)
[180, 184, 4438, 4940]	 (46792)
[180, 184, 4438, 7062]	 (47744)
[180, 184, 4438]	 (48156)
[180, 184, 4940]	 (46893)
[180, 184, 7062]	 (47843)
[180, 184]	 (48258)
[180, 4428, 4438, 7062]	 (46906)
[180, 4428, 4438]	 (47310)
[180, 4428, 7062]	 (47005)
[180, 4428]	 (47412)
[180, 4432, 4438]	 (46882)
[180, 4432]	 (46975)
[180, 4434, 4438]	 (46997)
[180, 4434]	 (47082)
[180, 4438, 4940]	 (46792)
[180, 4438, 7062]	 (47744)
[180, 4438]	 (48156)
[180, 4940]	 (46893)
[180, 7062]	 (47843)
[180]	 (48258)
[184, 4428, 4438, 7062]	 (46906)
[184, 4428, 4438]	 (47310)
[184, 4428, 7062]	 (47005)
[184, 4428]	 (47412)
[184, 4432, 4438]	 (46882)
[184, 4432]	 (46975)
[184, 4434, 4438]	 (46997)
[184, 4434]	 (47082)
[184, 4438, 4940]	 (46792)
[184, 4438, 7062]	 (47744)
[184, 4438]	 (48156)
[184, 4940]	 (46893)
[184, 7062]	 (47843)
[184]	 (48258)
[4426]	 (47772)
[4428, 4432]	 (47020)
[4428, 4434]	 (47045)
[4428, 4438, 7062]	 (47684)
[4428, 4438]	 (48091)
[4428, 7062]	 (47783)
[4428]	 (48193)
[4432, 4434, 4438]	 (46804)
[4432, 4434]	 (46888)
[4432, 4438, 7062]	 (47280)
[4432, 4438]	 (47666)
[4432, 7062]	 (47371)
[4432]	 (47759)
[4434, 4438, 7062]	 (47388)
[4434, 4438]	 (47781)
[4434, 7062]	 (47471)
[4434]	 (47866)
[4436, 4438]	 (46975)
[4436]	 (47050)
[4438, 4940]	 (47539)
[4438, 7062]	 (48529)
[4438, 7092]	 (47426)
[4438]	 (48944)
[4940]	 (47640)
[7062]	 (48628)
[7092]	 (47526)
