[1] (0.015242997129565476 154)
[4] (0.01395625061862813 141)
[5] (0.010590913590022765 107)
[6] (0.02236959319014154 226)
[8] (0.03127783826586163 316)
[10] (0.014748094625358804 149)
[12] (0.03395031178857765 343)
[17] (0.01652974364050282 167)
[21] (0.026823715728001584 271)
[25] (0.013461348114421458 136)
[27] (0.023161437196872216 234)
[28] (0.013362367613580124 135)
[31] (0.016232802137978817 164)
[32] (0.04394734237355241 444)
[33] (0.015144016628724142 153)
[35] (0.019697119667425517 199)
[37] (0.012372562605166781 125)
[38] (0.022468573690982877 227)
[39] (0.04157181035336039 420)
[41] (0.014055231119469465 142)
[43] (0.018014451153122835 182)
[45] (0.017123626645550828 173)
[48] (0.025635949717905573 259)
[51] (0.016826685143026824 170)
[52] (0.01692566564386816 171)
[54] (0.025635949717905573 259)
[55] (0.019103236662377513 193)
[57] (0.027318618232208255 276)
[58] (0.01395625061862813 141)
[68] (0.017420568148074828 176)
[69] (0.024547164208650895 248)
[70] (0.025042066712857566 253)
[71] (0.03315846778184697 335)
[72] (0.028902306245669602 292)
[73] (0.020983866178362863 212)
[75] (0.030980896763337623 313)
[78] (0.02425022270612689 245)
[85] (0.015539938632089478 157)
[90] (0.020291002672473524 205)
[93] (0.02603187172127091 263)
[94] (0.011580718598436108 117)
[97] (0.01326338711273879 134)
[100] (0.017420568148074828 176)
[104] (0.012966445610214788 131)
[105] (0.01138275759675344 115)
[110] (0.01692566564386816 171)
[111] (0.011679699099277442 118)
[112] (0.02791250123725626 282)
[115] (0.0176185291497575 178)
[116] (0.021478768682569534 217)
[120] (0.05206374344254182 526)
[122] (0.010096011085816094 102)
[125] (0.011481738097594774 116)
[129] (0.01534197763040681 155)
[130] (0.014154211620310799 143)
[132] (0.025240027714540234 255)
[140] (0.0248441057111749 251)
[143] (0.012768484608532119 129)
[145] (0.047114718400475104 476)
[147] (0.014352172621993467 145)
[151] (0.025932891220429577 262)
[154] (0.015045036127882806 152)
[157] (0.010887855092546769 110)
[161] (0.022666534692665545 229)
[162] (0.01464911412451747 148)
[163] (0.013560328615262794 137)
[168] (0.015440958131248144 156)
[170] (0.012372562605166781 125)
[171] (0.01138275759675344 115)
[173] (0.011085816094229437 112)
[175] (0.030189052756606948 305)
[177] (0.04543204988617242 459)
[181] (0.01138275759675344 115)
[183] (0.03622686330792834 366)
[185] (0.016826685143026824 170)
[192] (0.019400178164901513 196)
[196] (0.02068692467583886 209)
[197] (0.01138275759675344 115)
[198] (0.015045036127882806 152)
[201] (0.010096011085816094 102)
[203] (0.010788874591705433 109)
[204] (0.02296347619518955 232)
[205] (0.03988914183905771 403)
[208] (0.015045036127882806 152)
[210] (0.020884885677521527 211)
[214] (0.018509353657329506 187)
[217] (0.05740869048797387 580)
[224] (0.010293972087498762 104)
[227] (0.018014451153122835 182)
[229] (0.019895080669108185 201)
[234] (0.015242997129565476 154)
[236] (0.024745125210333563 250)
[239] (0.02721963773136692 275)
[240] (0.013758289616945462 139)
[242] (0.022072651687617538 223)
[258] (0.012372562605166781 125)
[259] (0.016133821637137485 163)
[265] (0.012768484608532119 129)
[266] (0.011580718598436108 117)
[268] (0.0106898940908641 108)
[274] (0.022666534692665545 229)
[275] (0.014946055627041472 151)
[276] (0.023359398198554884 236)
[279] (0.029397208749876273 297)
[280] (0.020192022171632188 204)
[283] (0.03810749282391369 385)
[285] (0.026625754726318916 269)
[290] (0.01860833415817084 188)
[294] (0.014748094625358804 149)
[296] (0.026922696228842916 272)
[308] (0.014352172621993467 145)
[309] (0.012471543106008117 126)
[310] (0.014451153122834801 146)
[319] (0.013164406611897456 133)
[322] (0.011778679600118776 119)
[325] (0.010293972087498762 104)
[326] (0.012966445610214788 131)
[332] (0.018509353657329506 187)
[334] (0.021676729684252202 219)
[335] (0.011976640601801446 121)
[336] (0.011481738097594774 116)
[343] (0.01583688013461348 160)
[346] (0.03761259031970702 380)
[348] (0.01207562110264278 122)
[349] (0.017420568148074828 176)
[350] (0.029595169751558945 299)
[351] (0.015935860635454817 161)
[354] (0.059388300504800554 600)
[357] (0.010194991586657428 103)
[361] (0.011976640601801446 121)
[362] (0.04236365436009106 428)
[368] (0.08027318618232208 811)
[373] (0.020192022171632188 204)
[377] (0.010788874591705433 109)
[378] (0.012867465109373453 130)
[381] (0.03127783826586163 316)
[385] (0.015737899633772146 159)
[387] (0.020587944174997524 208)
[390] (0.027318618232208255 276)
[392] (0.024448183707809563 247)
[394] (0.012273582104325447 124)
[395] (0.011085816094229437 112)
[401] (0.034940116796990994 353)
[403] (0.01603484113629615 162)
[405] (0.015144016628724142 153)
[411] (0.018014451153122835 182)
[413] (0.024052261704444224 243)
[414] (0.011085816094229437 112)
[419] (0.04830248441057112 488)
[422] (0.01207562110264278 122)
[423] (0.014748094625358804 149)
[424] (0.015440958131248144 156)
[427] (0.018905275660694842 191)
[429] (0.010590913590022765 107)
[438] (0.044244283876076415 447)
[440] (0.018707314659012174 189)
[448] (0.013065426111056122 132)
[449] (0.01999406116994952 202)
[450] (0.01930119766406018 195)
[458] (0.011085816094229437 112)
[460] (0.04810452340888845 486)
[461] (0.015144016628724142 153)
[468] (0.01138275759675344 115)
[469] (0.014253192121152133 144)
[470] (0.04087894684747105 413)
[471] (0.028506384242304266 288)
[472] (0.02256755419182421 228)
[477] (0.025734930218746906 260)
[480] (0.020983866178362863 212)
[484] (0.011085816094229437 112)
[486] (0.016430763139661488 166)
[487] (0.03276254577848164 331)
[489] (0.035830941304563 362)
[490] (0.0106898940908641 108)
[494] (0.05503315846778185 556)
[496] (0.013857270117786796 140)
[500] (0.014946055627041472 151)
[504] (0.011580718598436108 117)
[509] (0.030584974759972284 309)
[510] (0.03137681876670296 317)
[513] (0.013659309116104128 138)
[515] (0.012768484608532119 129)
[516] (0.015144016628724142 153)
[517] (0.01187766010096011 120)
[521] (0.01692566564386816 171)
[522] (0.02672473522716025 270)
[523] (0.022666534692665545 229)
[526] (0.02721963773136692 275)
[527] (0.011580718598436108 117)
[529] (0.07205780461249134 728)
[530] (0.012570523606849451 127)
[534] (0.016826685143026824 170)
[538] (0.041769771355043055 422)
[540] (0.012372562605166781 125)
[541] (0.03721666831634168 376)
[548] (0.030090072255765613 304)
[550] (0.01326338711273879 134)
[561] (0.02761555973473226 279)
[567] (0.011679699099277442 118)
[568] (0.010986835593388103 111)
[569] (0.025734930218746906 260)
[571] (0.028011481738097595 283)
[572] (0.017519548648916163 177)
[573] (0.01118479659507077 113)
[574] (0.013164406611897456 133)
[576] (0.013659309116104128 138)
[577] (0.012966445610214788 131)
[578] (0.011976640601801446 121)
[579] (0.02256755419182421 228)
[580] (0.014946055627041472 151)
[581] (0.026229832722953577 265)
[583] (0.013560328615262794 137)
[591] (0.012471543106008117 126)
[593] (0.026328813223794913 266)
[594] (0.016430763139661488 166)
[597] (0.03127783826586163 316)
[598] (0.030288033257448284 306)
[600] (0.011580718598436108 117)
[605] (0.018311392655646838 185)
[606] (0.027417598733049588 277)
[608] (0.010096011085816094 102)
[611] (0.015539938632089478 157)
[614] (0.033554389785212316 339)
[617] (0.02603187172127091 263)
[618] (0.01464911412451747 148)
[620] (0.020884885677521527 211)
[623] (0.01999406116994952 202)
[628] (0.010194991586657428 103)
[630] (0.015737899633772146 159)
[631] (0.029100267247352273 294)
[632] (0.012570523606849451 127)
[634] (0.02415124220528556 244)
[638] (0.02276551519350688 230)
[639] (0.015242997129565476 154)
[640] (0.0106898940908641 108)
[641] (0.013560328615262794 137)
[649] (0.012273582104325447 124)
[651] (0.011679699099277442 118)
[653] (0.023260417697713552 235)
[658] (0.01930119766406018 195)
[661] (0.02811046223893893 284)
[663] (0.022171632188458874 224)
[665] (0.01395625061862813 141)
[673] (0.016331782638820153 165)
[674] (0.02672473522716025 270)
[675] (0.02929822824903494 296)
[676] (0.02840740374146293 287)
[678] (0.013659309116104128 138)
[682] (0.04097792734831238 414)
[684] (0.05226170444422449 528)
[686] (0.014847075126200138 150)
[687] (0.01880629515985351 190)
[688] (0.011778679600118776 119)
[692] (0.05236068494506582 529)
[694] (0.02840740374146293 287)
[701] (0.013065426111056122 132)
[704] (0.018905275660694842 191)
[706] (0.019796100168266852 200)
[707] (0.015539938632089478 157)
[708] (0.011481738097594774 116)
[716] (0.01118479659507077 113)
[718] (0.010788874591705433 109)
[720] (0.04008710284074037 405)
[722] (0.05978422250816589 604)
[735] (0.01603484113629615 162)
[736] (0.01464911412451747 148)
[738] (0.021478768682569534 217)
[740] (0.01583688013461348 160)
[744] (0.02187469068593487 221)
[745] (0.012669504107690785 128)
[746] (0.021676729684252202 219)
[749] (0.013659309116104128 138)
[752] (0.02395328120360289 242)
[758] (0.027813520736414927 281)
[763] (0.016826685143026824 170)
[765] (0.015737899633772146 159)
[766] (0.06601999406116994 667)
[769] (0.017321587647233495 175)
[774] (0.019400178164901513 196)
[775] (0.03810749282391369 385)
[778] (0.025932891220429577 262)
[780] (0.02276551519350688 230)
[782] (0.02929822824903494 296)
[784] (0.011481738097594774 116)
[788] (0.021577749183410867 218)
[789] (0.041769771355043055 422)
[792] (0.014451153122834801 146)
[793] (0.03226764327427497 326)
[795] (0.033356428783529644 337)
[797] (0.02583391071958824 261)
[798] (0.026823715728001584 271)
[800] (0.019697119667425517 199)
[803] (0.020983866178362863 212)
[804] (0.01187766010096011 120)
[805] (0.017519548648916163 177)
[809] (0.021676729684252202 219)
[810] (0.012174601603484114 123)
[812] (0.01534197763040681 155)
[814] (0.018509353657329506 187)
[815] (0.013461348114421458 136)
[819] (0.012471543106008117 126)
[820] (0.012669504107690785 128)
[823] (0.011481738097594774 116)
[825] (0.03226764327427497 326)
[826] (0.018707314659012174 189)
[829] (0.06720776007126596 679)
[832] (0.019697119667425517 199)
[834] (0.012867465109373453 130)
[841] (0.019103236662377513 193)
[843] (0.013659309116104128 138)
[844] (0.030189052756606948 305)
[846] (0.015144016628724142 153)
[853] (0.01949915866574285 197)
[854] (0.02929822824903494 296)
[857] (0.015539938632089478 157)
[859] (0.012174601603484114 123)
[860] (0.011283777095912105 114)
[862] (0.03602890230624567 364)
[867] (0.016826685143026824 170)
[871] (0.026130852222112245 264)
[874] (0.023656339701078888 239)
[878] (0.020192022171632188 204)
[883] (0.04909432841730179 496)
[884] (0.01722260714639216 174)
[885] (0.029595169751558945 299)
[886] (0.030782935761654955 311)
[887] (0.018014451153122835 182)
[888] (0.03672176581213501 371)
[890] (0.013362367613580124 135)
[893] (0.021577749183410867 218)
[895] (0.035039097297832326 354)
[897] (0.020291002672473524 205)
[899] (0.014253192121152133 144)
[900] (0.0106898940908641 108)
[906] (0.01464911412451747 148)
[910] (0.01722260714639216 174)
[913] (0.01930119766406018 195)
[914] (0.0427595763634564 432)
[918] (0.028011481738097595 283)
[919] (0.03385133128773632 342)
[921] (0.026229832722953577 265)
[923] (0.015144016628724142 153)
[928] (0.010887855092546769 110)
[932] (0.016133821637137485 163)
[935] (0.016628724141344156 168)
[937] (0.047213698901316443 477)
[941] (0.011580718598436108 117)
[944] (0.02999109175492428 303)
[946] (0.012768484608532119 129)
[947] (0.036622785311293676 370)
[948] (0.012867465109373453 130)
[949] (0.014847075126200138 150)
[950] (0.014847075126200138 150)
[952] (0.014550133623676137 147)
[956] (0.034940116796990994 353)
[960] (0.029793130753241612 301)
[963] (0.013758289616945462 139)
[964] (0.01583688013461348 160)
[966] (0.03979016133821637 402)
[967] (0.016133821637137485 163)
[970] (0.019103236662377513 193)
[975] (0.016826685143026824 170)
[978] (0.012273582104325447 124)
[981] (0.01692566564386816 171)
[982] (0.017024646144709492 172)
[984] (0.01841037315648817 186)
[988] (0.01138275759675344 115)
[989] (0.013164406611897456 133)
[991] (0.014154211620310799 143)
[992] (0.011679699099277442 118)
[995] (0.015737899633772146 159)
[998] (0.026922696228842916 272)
[704, 825] (0.011580718598436108 117)
[217, 346] (0.01464911412451747 148)
[368, 682] (0.01187766010096011 120)
[390, 722] (0.010887855092546769 110)
[33, 346] (0.010293972087498762 104)
[283, 346] (0.0106898940908641 108)
[789, 829] (0.012174601603484114 123)
[39, 704] (0.011283777095912105 114)
[33, 283] (0.010194991586657428 103)
[296, 829] (0.010788874591705433 109)
[368, 829] (0.01464911412451747 148)
[227, 722] (0.010392952588340098 105)
[39, 825] (0.011976640601801446 121)
[217, 283] (0.010194991586657428 103)
[227, 390] (0.011085816094229437 112)
[33, 283, 346] (0.010096011085816094 102)
[39, 704, 825] (0.010590913590022765 107)
