[84] (0.7456967213114755 3639)
[161] (0.7530737704918032 3675)
[168] (0.740983606557377 3616)
[197] (0.7540983606557377 3680)
[277] (0.6879098360655738 3357)
[4493] (0.6561475409836065 3202)
[4496] (0.6944672131147541 3389)
[4499] (0.7366803278688525 3595)
[4502] (0.7399590163934426 3611)
[4503] (0.6038934426229509 2947)
[4798] (0.6073770491803279 2964)
[4933] (0.730327868852459 3564)
[4937] (0.7206967213114754 3517)
[7072] (0.792827868852459 3869)
[4496, 4502] (0.6809426229508196 3323)
[84, 4496] (0.6747950819672132 3293)
[277, 4499] (0.6231557377049181 3041)
[168, 277] (0.653483606557377 3189)
[4499, 4502] (0.7237704918032787 3532)
[4493, 4496] (0.6561475409836065 3202)
[168, 4499] (0.701844262295082 3425)
[168, 4496] (0.6737704918032786 3288)
[161, 277] (0.6555327868852459 3199)
[84, 4499] (0.7034836065573771 3433)
[4933, 4937] (0.7161885245901639 3495)
[161, 4499] (0.7040983606557377 3436)
[4493, 4499] (0.6545081967213114 3194)
[277, 4502] (0.6260245901639344 3055)
[84, 161] (0.7456967213114755 3639)
[161, 4502] (0.7075819672131147 3453)
[4493, 4502] (0.6452868852459016 3149)
[168, 4493] (0.6362704918032787 3105)
[161, 4496] (0.6752049180327869 3295)
[168, 4502] (0.705327868852459 3442)
[84, 168] (0.740983606557377 3616)
[197, 7072] (0.6336065573770492 3092)
[161, 168] (0.740983606557377 3616)
[84, 4493] (0.6372950819672131 3110)
[4496, 4499] (0.6879098360655738 3357)
[84, 4502] (0.7069672131147541 3450)
[84, 277] (0.6547131147540983 3195)
[161, 4493] (0.6375 3111)
[168, 4496, 4499] (0.6672131147540984 3256)
[84, 4493, 4496] (0.6372950819672131 3110)
[161, 168, 277] (0.653483606557377 3189)
[161, 168, 4499] (0.701844262295082 3425)
[168, 277, 4502] (0.6239754098360656 3045)
[84, 277, 4499] (0.6213114754098361 3032)
[84, 168, 4493] (0.6362704918032787 3105)
[161, 168, 4502] (0.705327868852459 3442)
[161, 277, 4499] (0.6213114754098361 3032)
[168, 277, 4499] (0.6209016393442623 3030)
[4493, 4499, 4502] (0.6438524590163934 3142)
[161, 277, 4502] (0.6243852459016394 3047)
[84, 4493, 4502] (0.6268442622950819 3059)
[277, 4499, 4502] (0.6108606557377049 2981)
[84, 4493, 4499] (0.635655737704918 3102)
[84, 161, 277] (0.6547131147540983 3195)
[161, 168, 4496] (0.6737704918032786 3288)
[168, 4496, 4502] (0.660655737704918 3224)
[161, 4493, 4496] (0.6375 3111)
[84, 161, 168] (0.740983606557377 3616)
[168, 4499, 4502] (0.6893442622950819 3364)
[161, 4493, 4499] (0.6358606557377049 3103)
[4496, 4499, 4502] (0.676844262295082 3303)
[4493, 4496, 4502] (0.6452868852459016 3149)
[161, 4496, 4502] (0.6620901639344262 3231)
[84, 161, 4502] (0.7069672131147541 3450)
[168, 4493, 4502] (0.6258196721311475 3054)
[168, 4493, 4499] (0.6346311475409836 3097)
[84, 4496, 4502] (0.6616803278688524 3229)
[84, 4496, 4499] (0.6682377049180328 3261)
[84, 161, 4499] (0.7034836065573771 3433)
[84, 161, 4496] (0.6747950819672132 3293)
[161, 4493, 4502] (0.6270491803278688 3060)
[161, 4496, 4499] (0.6686475409836066 3263)
[161, 168, 4493] (0.6362704918032787 3105)
[84, 161, 4493] (0.6372950819672131 3110)
[84, 168, 4499] (0.701844262295082 3425)
[168, 4493, 4496] (0.6362704918032787 3105)
[84, 4499, 4502] (0.690983606557377 3372)
[84, 168, 277] (0.653483606557377 3189)
[161, 4499, 4502] (0.6915983606557377 3375)
[84, 277, 4502] (0.6243852459016394 3047)
[84, 168, 4502] (0.705327868852459 3442)
[4493, 4496, 4499] (0.6545081967213114 3194)
[84, 168, 4496] (0.6737704918032786 3288)
[84, 161, 4499, 4502] (0.690983606557377 3372)
[84, 168, 4493, 4499] (0.6346311475409836 3097)
[84, 161, 4496, 4499] (0.6682377049180328 3261)
[161, 168, 4496, 4502] (0.660655737704918 3224)
[84, 168, 4493, 4502] (0.6258196721311475 3054)
[168, 4493, 4496, 4499] (0.6346311475409836 3097)
[161, 277, 4499, 4502] (0.6092213114754098 2973)
[161, 4493, 4496, 4502] (0.6270491803278688 3060)
[168, 4493, 4499, 4502] (0.6243852459016394 3047)
[84, 161, 168, 4493] (0.6362704918032787 3105)
[161, 4493, 4496, 4499] (0.6358606557377049 3103)
[161, 168, 4496, 4499] (0.6672131147540984 3256)
[161, 168, 4493, 4496] (0.6362704918032787 3105)
[84, 168, 4496, 4499] (0.6672131147540984 3256)
[84, 161, 4493, 4502] (0.6268442622950819 3059)
[161, 168, 4493, 4499] (0.6346311475409836 3097)
[84, 4493, 4496, 4502] (0.6268442622950819 3059)
[84, 161, 168, 4496] (0.6737704918032786 3288)
[161, 168, 277, 4502] (0.6239754098360656 3045)
[168, 4493, 4496, 4502] (0.6258196721311475 3054)
[161, 168, 4499, 4502] (0.6893442622950819 3364)
[84, 168, 277, 4502] (0.6239754098360656 3045)
[161, 4496, 4499, 4502] (0.6579918032786886 3211)
[84, 168, 277, 4499] (0.6209016393442623 3030)
[84, 161, 277, 4499] (0.6213114754098361 3032)
[168, 4496, 4499, 4502] (0.6565573770491804 3204)
[84, 168, 4499, 4502] (0.6893442622950819 3364)
[84, 4493, 4499, 4502] (0.6254098360655738 3052)
[84, 277, 4499, 4502] (0.6092213114754098 2973)
[84, 168, 4496, 4502] (0.660655737704918 3224)
[168, 277, 4499, 4502] (0.608811475409836 2971)
[84, 161, 168, 4499] (0.701844262295082 3425)
[4493, 4496, 4499, 4502] (0.6438524590163934 3142)
[84, 4496, 4499, 4502] (0.6575819672131148 3209)
[84, 4493, 4496, 4499] (0.635655737704918 3102)
[84, 161, 4493, 4499] (0.635655737704918 3102)
[161, 4493, 4499, 4502] (0.6256147540983606 3053)
[84, 168, 4493, 4496] (0.6362704918032787 3105)
[161, 168, 4493, 4502] (0.6258196721311475 3054)
[161, 168, 277, 4499] (0.6209016393442623 3030)
[84, 161, 168, 277] (0.653483606557377 3189)
[84, 161, 277, 4502] (0.6243852459016394 3047)
[84, 161, 168, 4502] (0.705327868852459 3442)
[84, 161, 4496, 4502] (0.6616803278688524 3229)
[84, 161, 4493, 4496] (0.6372950819672131 3110)
[84, 168, 4496, 4499, 4502] (0.6565573770491804 3204)
[84, 161, 4493, 4496, 4499] (0.635655737704918 3102)
[161, 4493, 4496, 4499, 4502] (0.6256147540983606 3053)
[84, 161, 4493, 4499, 4502] (0.6254098360655738 3052)
[168, 4493, 4496, 4499, 4502] (0.6243852459016394 3047)
[161, 168, 4493, 4496, 4499] (0.6346311475409836 3097)
[84, 161, 168, 4499, 4502] (0.6893442622950819 3364)
[161, 168, 277, 4499, 4502] (0.608811475409836 2971)
[84, 168, 4493, 4496, 4502] (0.6258196721311475 3054)
[84, 161, 4496, 4499, 4502] (0.6575819672131148 3209)
[84, 161, 277, 4499, 4502] (0.6092213114754098 2973)
[84, 161, 168, 4493, 4499] (0.6346311475409836 3097)
[84, 161, 168, 4493, 4502] (0.6258196721311475 3054)
[161, 168, 4496, 4499, 4502] (0.6565573770491804 3204)
[84, 161, 4493, 4496, 4502] (0.6268442622950819 3059)
[84, 168, 277, 4499, 4502] (0.608811475409836 2971)
[161, 168, 4493, 4499, 4502] (0.6243852459016394 3047)
[84, 161, 168, 4496, 4499] (0.6672131147540984 3256)
[84, 161, 168, 4496, 4502] (0.660655737704918 3224)
[84, 4493, 4496, 4499, 4502] (0.6254098360655738 3052)
[161, 168, 4493, 4496, 4502] (0.6258196721311475 3054)
[84, 161, 168, 277, 4499] (0.6209016393442623 3030)
[84, 168, 4493, 4499, 4502] (0.6243852459016394 3047)
[84, 161, 168, 277, 4502] (0.6239754098360656 3045)
[84, 161, 168, 4493, 4496] (0.6362704918032787 3105)
[84, 168, 4493, 4496, 4499] (0.6346311475409836 3097)
[84, 161, 168, 277, 4499, 4502] (0.608811475409836 2971)
[84, 161, 168, 4493, 4496, 4502] (0.6258196721311475 3054)
[84, 168, 4493, 4496, 4499, 4502] (0.6243852459016394 3047)
[161, 168, 4493, 4496, 4499, 4502] (0.6243852459016394 3047)
[84, 161, 168, 4496, 4499, 4502] (0.6565573770491804 3204)
[84, 161, 168, 4493, 4496, 4499] (0.6346311475409836 3097)
[84, 161, 4493, 4496, 4499, 4502] (0.6254098360655738 3052)
[84, 161, 168, 4493, 4499, 4502] (0.6243852459016394 3047)
[84, 161, 168, 4493, 4496, 4499, 4502] (0.6243852459016394 3047)
