         f_acid           v_acid        c_acid        res_sugar  quality
          8.10             0.270         0.41            1.45      5
          8.60             0.230         0.40            4.20      5
          7.90             0.180         0.37            1.20      5
          8.30             0.420         0.62           19.25      5
          6.20             0.320         0.16            7.00      6
          8.10             0.220         0.43            1.50      6
          6.30             0.480         0.04            1.10      6
          7.40             0.340         0.42            1.10      6
          7.10             0.340         0.49            1.50      7
          8.40             0.240         0.49            7.40      7
          5.60             0.410         0.24            1.90      7
          5.80             0.190         0.49            4.90      7
