[161, 168, 277, 4496, 4499, 4502]:	7518
[161, 168, 277, 4496, 4499]:	7652
[161, 168, 277, 4496, 4502]:	7553
[161, 168, 277, 4496]:	18704
[161, 168, 277, 4499, 4502]:	30204
[161, 168, 277, 4499]:	30755
[161, 168, 277, 4502]:	30895
[161, 168, 277]:	32276
[161, 168, 4493, 4496, 4499, 4502]:	30445
[161, 168, 4493, 4496, 4499]:	30898
[161, 168, 4493, 4496, 4502]:	30495
[161, 168, 4493, 4496]:	30998
[161, 168, 4493, 4499, 4502]:	30445
[161, 168, 4493, 4499]:	30898
[161, 168, 4493, 4502]:	30495
[161, 168, 4493]:	30998
[161, 168, 4496, 4499, 4502]:	32212
[161, 168, 4496, 4499]:	32710
[161, 168, 4496, 4502]:	32361
[161, 168, 4496]:	32981
[161, 168, 4499, 4502]:	33888
[161, 168, 4499]:	34491
[161, 168, 4502]:	34605
[161, 168]:	36267
[161, 277, 4496, 4499, 4502]:	7519
[161, 277, 4496, 4499]:	7653
[161, 277, 4496, 4502]:	7554
[161, 277, 4496]:	18708
[161, 277, 4499, 4502]:	30215
[161, 277, 4499]:	30766
[161, 277, 4502]:	30906
[161, 277]:	32372
[161, 4493, 4496, 4499, 4502]:	30499
[161, 4493, 4496, 4499]:	30952
[161, 4493, 4496, 4502]:	30549
[161, 4493, 4496]:	31053
[161, 4493, 4499, 4502]:	30499
[161, 4493, 4499]:	30952
[161, 4493, 4502]:	30549
[161, 4493]:	31053
[161, 4496, 4499, 4502]:	32268
[161, 4496, 4499]:	32766
[161, 4496, 4502]:	32417
[161, 4496]:	33038
[161, 4499, 4502]:	33974
[161, 4499]:	34579
[161, 4502]:	34692
[161]:	36856
[168, 277, 4496, 4499, 4502]:	7518
[168, 277, 4496, 4499]:	7652
[168, 277, 4496, 4502]:	7553
[168, 277, 4496]:	18704
[168, 277, 4499, 4502]:	30204
[168, 277, 4499]:	30755
[168, 277, 4502]:	30895
[168, 277]:	32276
[168, 4493, 4496, 4499, 4502]:	30445
[168, 4493, 4496, 4499]:	30898
[168, 4493, 4496, 4502]:	30495
[168, 4493, 4496]:	30998
[168, 4493, 4499, 4502]:	30445
[168, 4493, 4499]:	30898
[168, 4493, 4502]:	30495
[168, 4493]:	30998
[168, 4496, 4499, 4502]:	32212
[168, 4496, 4499]:	32710
[168, 4496, 4502]:	32361
[168, 4496]:	32981
[168, 4499, 4502]:	33888
[168, 4499]:	34491
[168, 4502]:	34605
[168]:	36267
[197, 7072]:	23890
[197]:	36746
[2297]:	11156
[277, 4496, 4499, 4502]:	7535
[277, 4496, 4499]:	7670
[277, 4496, 4502]:	7570
[277, 4496]:	18751
[277, 4499, 4502]:	30314
[277, 4499]:	30867
[277, 4502]:	31006
[277]:	34042
[4413]:	7678
[4493, 4496, 4499, 4502]:	31634
[4493, 4496, 4499]:	32098
[4493, 4496, 4502]:	31684
[4493, 4496]:	32200
[4493, 4499, 4502]:	31634
[4493, 4499]:	32098
[4493, 4502]:	31684
[4493]:	32200
[4496, 4499, 4502]:	33429
[4496, 4499]:	33938
[4496, 4502]:	33580
[4496]:	34214
[4499, 4502]:	35768
[4499]:	36386
[4502]:	36492
[4503]:	29661
[4798]:	22735
[4933, 4937]:	35182
[4933]:	35782
[4937]:	35387
[7072]:	38749
[84, 161, 168, 277, 4496, 4499, 4502]:	7518
[84, 161, 168, 277, 4496, 4499]:	7652
[84, 161, 168, 277, 4496, 4502]:	7553
[84, 161, 168, 277, 4496]:	18704
[84, 161, 168, 277, 4499, 4502]:	30204
[84, 161, 168, 277, 4499]:	30755
[84, 161, 168, 277, 4502]:	30895
[84, 161, 168, 277]:	32276
[84, 161, 168, 4493, 4496, 4499, 4502]:	30445
[84, 161, 168, 4493, 4496, 4499]:	30898
[84, 161, 168, 4493, 4496, 4502]:	30495
[84, 161, 168, 4493, 4496]:	30998
[84, 161, 168, 4493, 4499, 4502]:	30445
[84, 161, 168, 4493, 4499]:	30898
[84, 161, 168, 4493, 4502]:	30495
[84, 161, 168, 4493]:	30998
[84, 161, 168, 4496, 4499, 4502]:	32212
[84, 161, 168, 4496, 4499]:	32710
[84, 161, 168, 4496, 4502]:	32361
[84, 161, 168, 4496]:	32981
[84, 161, 168, 4499, 4502]:	33888
[84, 161, 168, 4499]:	34491
[84, 161, 168, 4502]:	34605
[84, 161, 168]:	36267
[84, 161, 277, 4496, 4499, 4502]:	7519
[84, 161, 277, 4496, 4499]:	7653
[84, 161, 277, 4496, 4502]:	7554
[84, 161, 277, 4496]:	18708
[84, 161, 277, 4499, 4502]:	30215
[84, 161, 277, 4499]:	30766
[84, 161, 277, 4502]:	30906
[84, 161, 277]:	32308
[84, 161, 4493, 4496, 4499, 4502]:	30490
[84, 161, 4493, 4496, 4499]:	30943
[84, 161, 4493, 4496, 4502]:	30540
[84, 161, 4493, 4496]:	31043
[84, 161, 4493, 4499, 4502]:	30490
[84, 161, 4493, 4499]:	30943
[84, 161, 4493, 4502]:	30540
[84, 161, 4493]:	31043
[84, 161, 4496, 4499, 4502]:	32258
[84, 161, 4496, 4499]:	32756
[84, 161, 4496, 4502]:	32407
[84, 161, 4496]:	33027
[84, 161, 4499, 4502]:	33955
[84, 161, 4499]:	34559
[84, 161, 4502]:	34672
[84, 161]:	36475
[84, 168, 277, 4496, 4499, 4502]:	7518
[84, 168, 277, 4496, 4499]:	7652
[84, 168, 277, 4496, 4502]:	7553
[84, 168, 277, 4496]:	18704
[84, 168, 277, 4499, 4502]:	30204
[84, 168, 277, 4499]:	30755
[84, 168, 277, 4502]:	30895
[84, 168, 277]:	32276
[84, 168, 4493, 4496, 4499, 4502]:	30445
[84, 168, 4493, 4496, 4499]:	30898
[84, 168, 4493, 4496, 4502]:	30495
[84, 168, 4493, 4496]:	30998
[84, 168, 4493, 4499, 4502]:	30445
[84, 168, 4493, 4499]:	30898
[84, 168, 4493, 4502]:	30495
[84, 168, 4493]:	30998
[84, 168, 4496, 4499, 4502]:	32212
[84, 168, 4496, 4499]:	32710
[84, 168, 4496, 4502]:	32361
[84, 168, 4496]:	32981
[84, 168, 4499, 4502]:	33888
[84, 168, 4499]:	34491
[84, 168, 4502]:	34605
[84, 168]:	36267
[84, 277, 4496, 4499, 4502]:	7519
[84, 277, 4496, 4499]:	7653
[84, 277, 4496, 4502]:	7554
[84, 277, 4496]:	18708
[84, 277, 4499, 4502]:	30215
[84, 277, 4499]:	30766
[84, 277, 4502]:	30906
[84, 277]:	32308
[84, 4493, 4496, 4499, 4502]:	30490
[84, 4493, 4496, 4499]:	30943
[84, 4493, 4496, 4502]:	30540
[84, 4493, 4496]:	31043
[84, 4493, 4499, 4502]:	30490
[84, 4493, 4499]:	30943
[84, 4493, 4502]:	30540
[84, 4493]:	31043
[84, 4496, 4499, 4502]:	32258
[84, 4496, 4499]:	32756
[84, 4496, 4502]:	32407
[84, 4496]:	33027
[84, 4499, 4502]:	33955
[84, 4499]:	34559
[84, 4502]:	34672
[84]:	36475
