[170] (0.9860557768924303 990)
[180] (0.9810756972111554 985)
[184] (0.9810756972111554 985)
[188] (0.9641434262948207 968)
[4426] (0.9721115537848606 976)
[4428] (0.9701195219123506 974)
[4430] (0.9551792828685259 959)
[4432] (0.9830677290836654 987)
[4434] (0.9750996015936255 979)
[4436] (0.9621513944223108 966)
[4438] (0.999003984063745 1003)
[4940] (0.9611553784860558 965)
[7062] (0.9960159362549801 1000)
[7092] (0.9611553784860558 965)
[7112] (0.9671314741035857 971)
[188, 7062] (0.9611553784860558 965)
[184, 4434] (0.9561752988047809 960)
[4432, 4438] (0.9820717131474104 986)
[170, 4426] (0.9581673306772909 962)
[4432, 7062] (0.9790836653386454 983)
[180, 184] (0.9810756972111554 985)
[180, 4426] (0.954183266932271 958)
[170, 4432] (0.9691235059760956 973)
[184, 4428] (0.953187250996016 957)
[180, 4432] (0.9641434262948207 968)
[4428, 4438] (0.9691235059760956 973)
[170, 4438] (0.9850597609561753 989)
[4436, 7062] (0.9581673306772909 962)
[170, 4428] (0.9571713147410359 961)
[170, 184] (0.9691235059760956 973)
[7062, 7112] (0.9631474103585658 967)
[180, 4438] (0.9800796812749004 984)
[180, 7062] (0.9770916334661355 981)
[180, 4428] (0.953187250996016 957)
[188, 4438] (0.9631474103585658 967)
[184, 4426] (0.954183266932271 958)
[4436, 4438] (0.9611553784860558 965)
[4428, 7062] (0.9661354581673307 970)
[4426, 4428] (0.9551792828685259 959)
[4940, 7062] (0.9581673306772909 962)
[4426, 4432] (0.9561752988047809 960)
[4432, 7112] (0.950199203187251 954)
[4428, 4432] (0.9581673306772909 962)
[4434, 7062] (0.9711155378486056 975)
[184, 7062] (0.9770916334661355 981)
[4430, 7062] (0.951195219123506 955)
[4438, 4940] (0.9601593625498008 964)
[4432, 4434] (0.9611553784860558 965)
[184, 4438] (0.9800796812749004 984)
[4434, 4438] (0.9750996015936255 979)
[184, 4432] (0.9641434262948207 968)
[4426, 7062] (0.9681274900398407 972)
[170, 180] (0.9691235059760956 973)
[170, 4434] (0.9611553784860558 965)
[170, 7062] (0.9820717131474104 986)
[180, 4434] (0.9561752988047809 960)
[4438, 7112] (0.9661354581673307 970)
[170, 188] (0.951195219123506 955)
[4430, 4438] (0.954183266932271 958)
[4438, 7092] (0.9611553784860558 965)
[7062, 7092] (0.9571713147410359 961)
[4426, 4438] (0.9711155378486056 975)
[4438, 7062] (0.9950199203187251 999)
[170, 7112] (0.953187250996016 957)
[180, 4434, 7062] (0.952191235059761 956)
[170, 184, 7062] (0.9651394422310757 969)
[184, 4426, 7062] (0.950199203187251 954)
[170, 4428, 4438] (0.9561752988047809 960)
[4432, 4434, 7062] (0.9571713147410359 961)
[170, 184, 4438] (0.9681274900398407 972)
[170, 4428, 7062] (0.953187250996016 957)
[184, 4428, 4438] (0.952191235059761 956)
[188, 4438, 7062] (0.9601593625498008 964)
[170, 4426, 4438] (0.9571713147410359 961)
[184, 4434, 4438] (0.9561752988047809 960)
[4426, 4428, 7062] (0.951195219123506 955)
[180, 184, 4432] (0.9641434262948207 968)
[4426, 4432, 4438] (0.9551792828685259 959)
[180, 4432, 4438] (0.9631474103585658 967)
[170, 188, 4438] (0.950199203187251 954)
[180, 4426, 7062] (0.950199203187251 954)
[4438, 4940, 7062] (0.9571713147410359 961)
[170, 180, 184] (0.9691235059760956 973)
[184, 4438, 7062] (0.9760956175298805 980)
[170, 180, 4438] (0.9681274900398407 972)
[4432, 4438, 7062] (0.9780876494023905 982)
[4428, 4432, 7062] (0.954183266932271 958)
[184, 4432, 7062] (0.9601593625498008 964)
[180, 4432, 7062] (0.9601593625498008 964)
[170, 4426, 7062] (0.954183266932271 958)
[180, 4428, 4438] (0.952191235059761 956)
[170, 4432, 4438] (0.9681274900398407 972)
[184, 4434, 7062] (0.952191235059761 956)
[4432, 4434, 4438] (0.9611553784860558 965)
[4426, 4438, 7062] (0.9671314741035857 971)
[4438, 7062, 7092] (0.9571713147410359 961)
[184, 4426, 4438] (0.953187250996016 957)
[4426, 4428, 4438] (0.954183266932271 958)
[170, 4432, 7062] (0.9651394422310757 969)
[4436, 4438, 7062] (0.9571713147410359 961)
[180, 184, 4438] (0.9800796812749004 984)
[4428, 4432, 4438] (0.9571713147410359 961)
[170, 4438, 7112] (0.952191235059761 956)
[180, 4438, 7062] (0.9760956175298805 980)
[170, 184, 4432] (0.952191235059761 956)
[184, 4432, 4438] (0.9631474103585658 967)
[180, 4426, 4438] (0.953187250996016 957)
[180, 184, 7062] (0.9770916334661355 981)
[4428, 4438, 7062] (0.9651394422310757 969)
[170, 4434, 4438] (0.9611553784860558 965)
[180, 184, 4428] (0.953187250996016 957)
[4434, 4438, 7062] (0.9711155378486056 975)
[170, 180, 7062] (0.9651394422310757 969)
[180, 184, 4434] (0.9561752988047809 960)
[170, 4438, 7062] (0.9810756972111554 985)
[4430, 4438, 7062] (0.950199203187251 954)
[180, 4434, 4438] (0.9561752988047809 960)
[170, 180, 4432] (0.952191235059761 956)
[180, 184, 4426] (0.954183266932271 958)
[4426, 4432, 7062] (0.952191235059761 956)
[4438, 7062, 7112] (0.9621513944223108 966)
[170, 4434, 7062] (0.9571713147410359 961)
[180, 184, 4428, 4438] (0.952191235059761 956)
[170, 184, 4432, 4438] (0.951195219123506 955)
[180, 184, 4432, 4438] (0.9631474103585658 967)
[180, 184, 4434, 4438] (0.9561752988047809 960)
[170, 4432, 4438, 7062] (0.9641434262948207 968)
[180, 184, 4434, 7062] (0.952191235059761 956)
[170, 184, 4438, 7062] (0.9641434262948207 968)
[184, 4434, 4438, 7062] (0.952191235059761 956)
[170, 180, 4438, 7062] (0.9641434262948207 968)
[4426, 4428, 4438, 7062] (0.950199203187251 954)
[170, 180, 184, 7062] (0.9651394422310757 969)
[170, 4434, 4438, 7062] (0.9571713147410359 961)
[184, 4432, 4438, 7062] (0.9591633466135459 963)
[170, 180, 184, 4438] (0.9681274900398407 972)
[4432, 4434, 4438, 7062] (0.9571713147410359 961)
[180, 184, 4432, 7062] (0.9601593625498008 964)
[170, 4428, 4438, 7062] (0.952191235059761 956)
[180, 4432, 4438, 7062] (0.9591633466135459 963)
[4426, 4432, 4438, 7062] (0.951195219123506 955)
[170, 180, 184, 4432] (0.952191235059761 956)
[180, 184, 4426, 4438] (0.953187250996016 957)
[170, 4426, 4438, 7062] (0.953187250996016 957)
[180, 184, 4426, 7062] (0.950199203187251 954)
[180, 184, 4438, 7062] (0.9760956175298805 980)
[170, 180, 4432, 4438] (0.951195219123506 955)
[4428, 4432, 4438, 7062] (0.953187250996016 957)
[180, 4434, 4438, 7062] (0.952191235059761 956)
[180, 184, 4434, 4438, 7062] (0.952191235059761 956)
[170, 180, 184, 4432, 4438] (0.951195219123506 955)
[180, 184, 4432, 4438, 7062] (0.9591633466135459 963)
[170, 180, 184, 4438, 7062] (0.9641434262948207 968)
