[170] (0.9910167415271539 4854)
[180] (0.9832584728460596 4816)
[184] (0.9832584728460596 4816)
[188] (0.9585545120457329 4695)
[4426] (0.9706002449979584 4754)
[4428] (0.981625153123724 4808)
[4432] (0.9736627194773377 4769)
[4434] (0.9771335238873009 4786)
[4436] (0.958146182115149 4693)
[4438] (0.9989791751735402 4893)
[4940] (0.9742752143732135 4772)
[7062] (0.9899959167006942 4849)
[7092] (0.9734585545120458 4768)
[184, 4434] (0.9603919967333605 4704)
[4940, 7062] (0.9644752960391997 4724)
[184, 4940] (0.9577378521845651 4691)
[4432, 4438] (0.9726418946508779 4764)
[170, 4426] (0.9616169865251123 4710)
[4432, 7062] (0.9644752960391997 4724)
[180, 7092] (0.957942017149857 4692)
[180, 184] (0.9832584728460596 4816)
[4434, 7062] (0.967537770518579 4739)
[4428, 4432] (0.957942017149857 4692)
[184, 7062] (0.9734585545120458 4768)
[180, 4426] (0.953858717844018 4672)
[170, 4432] (0.9646794610044916 4725)
[180, 4940] (0.9577378521845651 4691)
[184, 4428] (0.9652919559003675 4728)
[4438, 4940] (0.9732543895467538 4767)
[4428, 4940] (0.9573295222539813 4689)
[184, 7092] (0.957942017149857 4692)
[180, 4432] (0.9569211923233973 4687)
[4428, 4438] (0.9806043282972642 4803)
[4434, 4940] (0.9518170681910985 4662)
[4432, 4434] (0.9554920375663536 4680)
[184, 4438] (0.9822376480195998 4811)
[4434, 4438] (0.9763168640261332 4782)
[170, 4940] (0.9654961208656595 4729)
[4426, 7062] (0.9610044916292364 4707)
[184, 4432] (0.9569211923233973 4687)
[170, 180] (0.9775418538178848 4788)
[170, 4438] (0.9899959167006942 4849)
[170, 4434] (0.9683544303797469 4743)
[170, 7062] (0.9810126582278481 4805)
[170, 184] (0.9775418538178848 4788)
[170, 4428] (0.9726418946508779 4764)
[180, 4438] (0.9822376480195998 4811)
[180, 7062] (0.9734585545120458 4768)
[180, 4434] (0.9603919967333605 4704)
[170, 188] (0.9505920783993467 4656)
[180, 4428] (0.9652919559003675 4728)
[4428, 4434] (0.9591670069416088 4698)
[4438, 7092] (0.972437729685586 4763)
[7062, 7092] (0.9636586361780318 4720)
[188, 4438] (0.9575336872192731 4690)
[184, 4426] (0.953858717844018 4672)
[4436, 4438] (0.9575336872192731 4690)
[4434, 7092] (0.9507962433646386 4657)
[4426, 4438] (0.9695794201714986 4749)
[4428, 7062] (0.972029399755002 4761)
[4426, 4428] (0.9599836668027767 4702)
[4438, 7062] (0.9889750918742344 4844)
[170, 7092] (0.9648836259697836 4726)
[4428, 7092] (0.9559003674969375 4682)
[4434, 4438, 4940] (0.9510004083299306 4658)
[180, 4434, 7062] (0.9510004083299306 4658)
[4426, 4438, 7062] (0.9599836668027767 4702)
[170, 184, 7062] (0.967741935483871 4740)
[4438, 7062, 7092] (0.9626378113515721 4715)
[184, 4426, 4438] (0.9528378930175582 4667)
[4426, 4428, 4438] (0.9589628419763169 4697)
[170, 4428, 4438] (0.9716210698244181 4759)
[184, 4428, 7062] (0.9559003674969375 4682)
[170, 180, 4434] (0.9548795426704777 4677)
[170, 4428, 7062] (0.9630461412821559 4717)
[170, 184, 4438] (0.9765210289914251 4783)
[170, 4432, 7062] (0.9554920375663536 4680)
[184, 4428, 4438] (0.9642711310739077 4723)
[170, 4426, 4428] (0.9510004083299306 4658)
[180, 184, 4438] (0.9822376480195998 4811)
[170, 4426, 4438] (0.9605961616986525 4705)
[4428, 4434, 4438] (0.958350347080441 4694)
[4428, 4432, 4438] (0.9569211923233973 4687)
[184, 4434, 4438] (0.9595753368721928 4700)
[4426, 4428, 7062] (0.9505920783993467 4656)
[170, 7062, 7092] (0.9550837076357697 4678)
[180, 4438, 7062] (0.972437729685586 4763)
[170, 184, 4428] (0.9595753368721928 4700)
[180, 4438, 7092] (0.9569211923233973 4687)
[180, 184, 4432] (0.9569211923233973 4687)
[170, 184, 4432] (0.9512045732952226 4659)
[4428, 4438, 7092] (0.9548795426704777 4677)
[170, 180, 4940] (0.9522253981216823 4664)
[170, 184, 4940] (0.9522253981216823 4664)
[170, 4438, 4940] (0.9644752960391997 4724)
[184, 4432, 4438] (0.9559003674969375 4682)
[180, 4432, 4438] (0.9559003674969375 4682)
[170, 184, 7092] (0.9524295630869742 4665)
[170, 4428, 4434] (0.9503879134340547 4655)
[4438, 4940, 7062] (0.9634544712127399 4719)
[180, 4426, 4438] (0.9528378930175582 4667)
[184, 4438, 7092] (0.9569211923233973 4687)
[170, 180, 184] (0.9775418538178848 4788)
[170, 184, 4434] (0.9548795426704777 4677)
[180, 184, 7062] (0.9734585545120458 4768)
[4428, 4438, 7062] (0.9710085749285423 4756)
[184, 4438, 7062] (0.972437729685586 4763)
[170, 4438, 7092] (0.9638628011433238 4721)
[170, 180, 4428] (0.9595753368721928 4700)
[170, 4434, 4438] (0.967537770518579 4739)
[170, 180, 4438] (0.9765210289914251 4783)
[180, 184, 4428] (0.9652919559003675 4728)
[170, 180, 7092] (0.9524295630869742 4665)
[4434, 4438, 7062] (0.9667211106574112 4735)
[170, 180, 7062] (0.967741935483871 4740)
[4432, 4438, 7062] (0.9634544712127399 4719)
[180, 184, 4434] (0.9603919967333605 4704)
[170, 4438, 7062] (0.9799918334013883 4800)
[180, 184, 7092] (0.957942017149857 4692)
[180, 4438, 4940] (0.9567170273581054 4686)
[180, 4434, 4438] (0.9595753368721928 4700)
[180, 184, 4940] (0.9577378521845651 4691)
[170, 4940, 7062] (0.9556962025316456 4681)
[180, 4428, 7062] (0.9559003674969375 4682)
[4428, 4438, 4940] (0.9563086974275214 4684)
[170, 180, 4432] (0.9512045732952226 4659)
[170, 4426, 7062] (0.9520212331563903 4663)
[180, 184, 4426] (0.953858717844018 4672)
[180, 4428, 4438] (0.9642711310739077 4723)
[184, 4438, 4940] (0.9567170273581054 4686)
[170, 4434, 7062] (0.9587586770110249 4696)
[170, 4432, 4438] (0.9636586361780318 4720)
[4432, 4434, 4438] (0.9546753777051857 4676)
[184, 4434, 7062] (0.9510004083299306 4658)
[180, 184, 4428, 4438] (0.9642711310739077 4723)
[170, 184, 4432, 4438] (0.9501837484687627 4654)
[180, 184, 4432, 4438] (0.9559003674969375 4682)
[170, 184, 4438, 4940] (0.9512045732952226 4659)
[180, 184, 4434, 4438] (0.9595753368721928 4700)
[180, 184, 4438, 7092] (0.9569211923233973 4687)
[170, 4432, 4438, 7062] (0.9544712127398939 4675)
[184, 4434, 4438, 7062] (0.9501837484687627 4654)
[170, 180, 184, 7092] (0.9524295630869742 4665)
[170, 180, 184, 4438] (0.9765210289914251 4783)
[170, 184, 4428, 7062] (0.9501837484687627 4654)
[170, 180, 184, 4432] (0.9512045732952226 4659)
[180, 184, 4426, 4438] (0.9528378930175582 4667)
[170, 4426, 4438, 7062] (0.9510004083299306 4658)
[170, 4438, 7062, 7092] (0.95406288280931 4673)
[170, 184, 4438, 7092] (0.9514087382605145 4660)
[180, 4428, 4438, 7062] (0.9548795426704777 4677)
[180, 184, 4438, 7062] (0.972437729685586 4763)
[180, 184, 4438, 4940] (0.9567170273581054 4686)
[170, 180, 184, 4434] (0.9548795426704777 4677)
[180, 184, 4428, 7062] (0.9559003674969375 4682)
[170, 4438, 4940, 7062] (0.9546753777051857 4676)
[170, 180, 4428, 4438] (0.9585545120457329 4695)
[180, 184, 4434, 7062] (0.9510004083299306 4658)
[170, 180, 184, 4940] (0.9522253981216823 4664)
[170, 184, 4438, 7062] (0.9667211106574112 4735)
[170, 180, 4434, 4438] (0.95406288280931 4673)
[170, 180, 4438, 7062] (0.9667211106574112 4735)
[170, 180, 184, 7062] (0.967741935483871 4740)
[170, 4434, 4438, 7062] (0.957942017149857 4692)
[170, 184, 4428, 4438] (0.9585545120457329 4695)
[170, 4428, 4438, 7062] (0.9620253164556962 4712)
[184, 4428, 4438, 7062] (0.9548795426704777 4677)
[170, 184, 4434, 4438] (0.95406288280931 4673)
[170, 180, 4428, 7062] (0.9501837484687627 4654)
[170, 180, 184, 4428] (0.9595753368721928 4700)
[170, 180, 4432, 4438] (0.9501837484687627 4654)
[180, 4434, 4438, 7062] (0.9501837484687627 4654)
[170, 180, 4438, 7092] (0.9514087382605145 4660)
[170, 180, 4438, 4940] (0.9512045732952226 4659)
[170, 180, 184, 4428, 4438] (0.9585545120457329 4695)
[170, 180, 184, 4428, 7062] (0.9501837484687627 4654)
[170, 180, 184, 4432, 4438] (0.9501837484687627 4654)
[170, 180, 184, 4434, 4438] (0.95406288280931 4673)
[170, 180, 184, 4438, 7062] (0.9667211106574112 4735)
[170, 180, 184, 4438, 4940] (0.9512045732952226 4659)
[180, 184, 4434, 4438, 7062] (0.9501837484687627 4654)
[170, 180, 184, 4438, 7092] (0.9514087382605145 4660)
[180, 184, 4428, 4438, 7062] (0.9548795426704777 4677)
