[3] (0.9 63)
[5] (0.9571428571428572 67)
[7] (0.9714285714285714 68)
[29] (0.9857142857142858 69)
[34] (0.9714285714285714 68)
[36] (0.9857142857142858 69)
[40] (1.0 70)
[48] (0.9571428571428572 67)
[52] (1.0 70)
[56] (0.9285714285714286 65)
[58] (1.0 70)
[60] (0.9857142857142858 69)
[62] (0.9142857142857143 64)
[66] (0.9285714285714286 65)
[5, 29] (0.9428571428571428 66)
[34, 36] (0.9571428571428572 67)
[36, 48] (0.9571428571428572 67)
[5, 52] (0.9571428571428572 67)
[7, 66] (0.9 63)
[56, 60] (0.9142857142857143 64)
[7, 34] (0.9428571428571428 66)
[40, 52] (1.0 70)
[3, 40] (0.9 63)
[29, 36] (0.9714285714285714 68)
[36, 58] (0.9857142857142858 69)
[7, 48] (0.9285714285714286 65)
[58, 60] (0.9857142857142858 69)
[3, 29] (0.9 63)
[3, 58] (0.9 63)
[36, 40] (0.9857142857142858 69)
[5, 36] (0.9428571428571428 66)
[52, 58] (1.0 70)
[7, 58] (0.9714285714285714 68)
[29, 58] (0.9857142857142858 69)
[60, 62] (0.9 63)
[48, 66] (0.9 63)
[34, 60] (0.9571428571428572 67)
[5, 66] (0.9 63)
[29, 48] (0.9428571428571428 66)
[36, 60] (0.9714285714285714 68)
[29, 60] (0.9714285714285714 68)
[48, 52] (0.9571428571428572 67)
[40, 60] (0.9857142857142858 69)
[56, 58] (0.9285714285714286 65)
[29, 40] (0.9857142857142858 69)
[34, 40] (0.9714285714285714 68)
[40, 56] (0.9285714285714286 65)
[7, 40] (0.9714285714285714 68)
[34, 58] (0.9714285714285714 68)
[34, 48] (0.9285714285714286 65)
[5, 60] (0.9428571428571428 66)
[5, 7] (0.9285714285714286 65)
[52, 60] (0.9857142857142858 69)
[52, 66] (0.9285714285714286 65)
[7, 36] (0.9571428571428572 67)
[5, 48] (0.9142857142857143 64)
[52, 56] (0.9285714285714286 65)
[58, 62] (0.9142857142857143 64)
[5, 58] (0.9571428571428572 67)
[5, 40] (0.9571428571428572 67)
[36, 66] (0.9142857142857143 64)
[3, 52] (0.9 63)
[60, 66] (0.9285714285714286 65)
[36, 52] (0.9857142857142858 69)
[7, 60] (0.9571428571428572 67)
[29, 34] (0.9571428571428572 67)
[5, 34] (0.9428571428571428 66)
[7, 56] (0.9 63)
[36, 56] (0.9142857142857143 64)
[34, 66] (0.9142857142857143 64)
[40, 62] (0.9142857142857143 64)
[29, 62] (0.9 63)
[40, 66] (0.9285714285714286 65)
[40, 48] (0.9571428571428572 67)
[40, 58] (1.0 70)
[29, 56] (0.9142857142857143 64)
[48, 60] (0.9428571428571428 66)
[36, 62] (0.9 63)
[29, 66] (0.9142857142857143 64)
[58, 66] (0.9285714285714286 65)
[48, 58] (0.9571428571428572 67)
[52, 62] (0.9142857142857143 64)
[34, 52] (0.9714285714285714 68)
[29, 52] (0.9857142857142858 69)
[7, 29] (0.9714285714285714 68)
[34, 56] (0.9 63)
[7, 52] (0.9714285714285714 68)
[48, 60, 66] (0.9 63)
[5, 34, 36] (0.9285714285714286 65)
[7, 58, 60] (0.9571428571428572 67)
[29, 34, 66] (0.9 63)
[34, 52, 58] (0.9714285714285714 68)
[34, 36, 58] (0.9571428571428572 67)
[7, 48, 58] (0.9285714285714286 65)
[36, 40, 56] (0.9142857142857143 64)
[29, 48, 58] (0.9428571428571428 66)
[29, 52, 56] (0.9142857142857143 64)
[5, 40, 58] (0.9571428571428572 67)
[34, 40, 58] (0.9714285714285714 68)
[40, 60, 66] (0.9285714285714286 65)
[29, 52, 66] (0.9142857142857143 64)
[7, 40, 56] (0.9 63)
[36, 52, 58] (0.9857142857142858 69)
[29, 40, 48] (0.9428571428571428 66)
[34, 60, 66] (0.9142857142857143 64)
[5, 48, 52] (0.9142857142857143 64)
[29, 40, 58] (0.9857142857142858 69)
[5, 52, 60] (0.9428571428571428 66)
[7, 36, 58] (0.9571428571428572 67)
[34, 58, 60] (0.9571428571428572 67)
[7, 29, 66] (0.9 63)
[29, 58, 66] (0.9142857142857143 64)
[7, 36, 40] (0.9571428571428572 67)
[5, 29, 52] (0.9428571428571428 66)
[7, 29, 36] (0.9571428571428572 67)
[5, 7, 36] (0.9142857142857143 64)
[29, 56, 60] (0.9 63)
[7, 29, 56] (0.9 63)
[29, 40, 60] (0.9714285714285714 68)
[40, 48, 60] (0.9428571428571428 66)
[36, 40, 58] (0.9857142857142858 69)
[29, 34, 58] (0.9571428571428572 67)
[5, 34, 48] (0.9 63)
[3, 40, 52] (0.9 63)
[36, 48, 60] (0.9428571428571428 66)
[5, 36, 58] (0.9428571428571428 66)
[40, 48, 52] (0.9571428571428572 67)
[29, 36, 48] (0.9428571428571428 66)
[29, 36, 58] (0.9714285714285714 68)
[52, 56, 58] (0.9285714285714286 65)
[7, 40, 58] (0.9714285714285714 68)
[5, 34, 58] (0.9428571428571428 66)
[7, 29, 34] (0.9428571428571428 66)
[7, 52, 66] (0.9 63)
[36, 52, 56] (0.9142857142857143 64)
[5, 29, 60] (0.9285714285714286 65)
[34, 48, 52] (0.9285714285714286 65)
[7, 34, 52] (0.9428571428571428 66)
[5, 29, 40] (0.9428571428571428 66)
[7, 29, 48] (0.9285714285714286 65)
[29, 36, 60] (0.9571428571428572 67)
[40, 52, 66] (0.9285714285714286 65)
[40, 56, 58] (0.9285714285714286 65)
[5, 58, 66] (0.9 63)
[36, 58, 60] (0.9714285714285714 68)
[36, 40, 52] (0.9857142857142858 69)
[36, 40, 66] (0.9142857142857143 64)
[52, 60, 66] (0.9285714285714286 65)
[34, 40, 48] (0.9285714285714286 65)
[29, 40, 62] (0.9 63)
[40, 48, 58] (0.9571428571428572 67)
[5, 7, 29] (0.9285714285714286 65)
[7, 52, 56] (0.9 63)
[29, 52, 62] (0.9 63)
[29, 34, 52] (0.9571428571428572 67)
[34, 36, 40] (0.9571428571428572 67)
[3, 29, 40] (0.9 63)
[34, 40, 52] (0.9714285714285714 68)
[3, 52, 58] (0.9 63)
[5, 60, 66] (0.9 63)
[34, 36, 60] (0.9428571428571428 66)
[7, 34, 40] (0.9428571428571428 66)
[7, 34, 60] (0.9285714285714286 65)
[5, 58, 60] (0.9428571428571428 66)
[5, 52, 58] (0.9571428571428572 67)
[34, 40, 66] (0.9142857142857143 64)
[5, 36, 48] (0.9142857142857143 64)
[29, 34, 40] (0.9571428571428572 67)
[40, 52, 58] (1.0 70)
[48, 52, 58] (0.9571428571428572 67)
[34, 40, 56] (0.9 63)
[7, 52, 58] (0.9714285714285714 68)
[29, 34, 36] (0.9428571428571428 66)
[36, 56, 60] (0.9 63)
[29, 40, 56] (0.9142857142857143 64)
[7, 36, 52] (0.9571428571428572 67)
[40, 52, 56] (0.9285714285714286 65)
[48, 58, 60] (0.9428571428571428 66)
[7, 29, 58] (0.9714285714285714 68)
[3, 29, 52] (0.9 63)
[36, 60, 66] (0.9142857142857143 64)
[3, 40, 58] (0.9 63)
[56, 58, 60] (0.9142857142857143 64)
[5, 29, 48] (0.9 63)
[7, 34, 58] (0.9428571428571428 66)
[5, 29, 58] (0.9428571428571428 66)
[5, 36, 52] (0.9428571428571428 66)
[29, 40, 66] (0.9142857142857143 64)
[52, 58, 62] (0.9142857142857143 64)
[40, 58, 66] (0.9285714285714286 65)
[29, 36, 66] (0.9 63)
[52, 58, 60] (0.9857142857142858 69)
[40, 52, 60] (0.9857142857142858 69)
[36, 58, 66] (0.9142857142857143 64)
[7, 48, 52] (0.9285714285714286 65)
[34, 48, 58] (0.9285714285714286 65)
[29, 34, 60] (0.9428571428571428 66)
[29, 36, 52] (0.9714285714285714 68)
[5, 34, 40] (0.9428571428571428 66)
[7, 40, 60] (0.9571428571428572 67)
[7, 36, 60] (0.9428571428571428 66)
[34, 48, 60] (0.9142857142857143 64)
[34, 52, 66] (0.9142857142857143 64)
[29, 52, 60] (0.9714285714285714 68)
[36, 40, 60] (0.9714285714285714 68)
[5, 7, 60] (0.9142857142857143 64)
[7, 29, 60] (0.9571428571428572 67)
[36, 52, 60] (0.9714285714285714 68)
[5, 29, 36] (0.9285714285714286 65)
[5, 7, 58] (0.9285714285714286 65)
[34, 40, 60] (0.9571428571428572 67)
[5, 48, 58] (0.9142857142857143 64)
[52, 56, 60] (0.9142857142857143 64)
[34, 36, 52] (0.9571428571428572 67)
[5, 34, 60] (0.9285714285714286 65)
[36, 48, 58] (0.9571428571428572 67)
[48, 52, 66] (0.9 63)
[7, 29, 40] (0.9714285714285714 68)
[7, 58, 66] (0.9 63)
[58, 60, 62] (0.9 63)
[7, 40, 48] (0.9285714285714286 65)
[5, 48, 60] (0.9 63)
[29, 40, 52] (0.9857142857142858 69)
[36, 52, 62] (0.9 63)
[7, 60, 66] (0.9 63)
[7, 48, 60] (0.9142857142857143 64)
[5, 40, 60] (0.9428571428571428 66)
[5, 34, 52] (0.9428571428571428 66)
[36, 40, 62] (0.9 63)
[29, 36, 40] (0.9714285714285714 68)
[29, 48, 52] (0.9428571428571428 66)
[5, 29, 34] (0.9285714285714286 65)
[7, 29, 52] (0.9714285714285714 68)
[40, 56, 60] (0.9142857142857143 64)
[29, 60, 66] (0.9142857142857143 64)
[7, 40, 66] (0.9 63)
[5, 52, 66] (0.9 63)
[34, 56, 58] (0.9 63)
[40, 60, 62] (0.9 63)
[7, 34, 48] (0.9 63)
[40, 58, 60] (0.9857142857142858 69)
[52, 58, 66] (0.9285714285714286 65)
[3, 29, 58] (0.9 63)
[48, 52, 60] (0.9428571428571428 66)
[36, 48, 52] (0.9571428571428572 67)
[36, 48, 66] (0.9 63)
[36, 58, 62] (0.9 63)
[29, 36, 56] (0.9 63)
[5, 7, 40] (0.9285714285714286 65)
[5, 40, 48] (0.9142857142857143 64)
[58, 60, 66] (0.9285714285714286 65)
[29, 58, 62] (0.9 63)
[40, 58, 62] (0.9142857142857143 64)
[48, 58, 66] (0.9 63)
[5, 40, 52] (0.9571428571428572 67)
[29, 48, 60] (0.9285714285714286 65)
[34, 36, 48] (0.9285714285714286 65)
[7, 52, 60] (0.9571428571428572 67)
[5, 7, 34] (0.9142857142857143 64)
[5, 40, 66] (0.9 63)
[5, 36, 40] (0.9428571428571428 66)
[5, 36, 60] (0.9285714285714286 65)
[29, 56, 58] (0.9142857142857143 64)
[34, 36, 66] (0.9 63)
[36, 40, 48] (0.9571428571428572 67)
[7, 36, 48] (0.9285714285714286 65)
[7, 56, 58] (0.9 63)
[34, 52, 56] (0.9 63)
[7, 34, 36] (0.9285714285714286 65)
[34, 58, 66] (0.9142857142857143 64)
[29, 34, 48] (0.9142857142857143 64)
[52, 60, 62] (0.9 63)
[5, 7, 52] (0.9285714285714286 65)
[40, 52, 62] (0.9142857142857143 64)
[40, 48, 66] (0.9 63)
[29, 58, 60] (0.9714285714285714 68)
[29, 52, 58] (0.9857142857142858 69)
[36, 56, 58] (0.9142857142857143 64)
[34, 52, 60] (0.9571428571428572 67)
[36, 52, 66] (0.9142857142857143 64)
[7, 40, 52] (0.9714285714285714 68)
[5, 7, 34, 52] (0.9142857142857143 64)
[7, 29, 40, 52] (0.9714285714285714 68)
[5, 29, 36, 58] (0.9285714285714286 65)
[7, 34, 48, 58] (0.9 63)
[7, 29, 40, 66] (0.9 63)
[7, 52, 60, 66] (0.9 63)
[5, 48, 52, 58] (0.9142857142857143 64)
[5, 40, 58, 66] (0.9 63)
[36, 48, 58, 66] (0.9 63)
[36, 48, 52, 58] (0.9571428571428572 67)
[7, 52, 56, 58] (0.9 63)
[7, 58, 60, 66] (0.9 63)
[5, 52, 58, 66] (0.9 63)
[5, 29, 36, 48] (0.9 63)
[40, 52, 58, 60] (0.9857142857142858 69)
[7, 36, 40, 60] (0.9428571428571428 66)
[5, 29, 34, 40] (0.9285714285714286 65)
[34, 40, 48, 58] (0.9285714285714286 65)
[29, 34, 52, 66] (0.9 63)
[29, 52, 60, 66] (0.9142857142857143 64)
[29, 56, 58, 60] (0.9 63)
[36, 48, 52, 66] (0.9 63)
[48, 52, 58, 66] (0.9 63)
[5, 7, 29, 52] (0.9285714285714286 65)
[34, 40, 52, 60] (0.9571428571428572 67)
[5, 52, 60, 66] (0.9 63)
[29, 36, 52, 60] (0.9571428571428572 67)
[5, 36, 40, 58] (0.9428571428571428 66)
[29, 36, 40, 60] (0.9571428571428572 67)
[29, 40, 56, 60] (0.9 63)
[7, 52, 58, 66] (0.9 63)
[40, 52, 58, 62] (0.9142857142857143 64)
[7, 40, 58, 60] (0.9571428571428572 67)
[29, 40, 48, 58] (0.9428571428571428 66)
[5, 29, 48, 52] (0.9 63)
[29, 34, 58, 60] (0.9428571428571428 66)
[34, 36, 40, 48] (0.9285714285714286 65)
[5, 7, 29, 40] (0.9285714285714286 65)
[5, 34, 40, 52] (0.9428571428571428 66)
[5, 29, 40, 60] (0.9285714285714286 65)
[29, 40, 60, 66] (0.9142857142857143 64)
[7, 34, 40, 58] (0.9428571428571428 66)
[29, 36, 56, 58] (0.9 63)
[29, 34, 48, 58] (0.9142857142857143 64)
[7, 34, 52, 58] (0.9428571428571428 66)
[5, 34, 40, 60] (0.9285714285714286 65)
[5, 7, 29, 60] (0.9142857142857143 64)
[29, 40, 52, 58] (0.9857142857142858 69)
[5, 7, 36, 60] (0.9 63)
[5, 36, 58, 60] (0.9285714285714286 65)
[7, 29, 40, 56] (0.9 63)
[7, 48, 52, 60] (0.9142857142857143 64)
[5, 29, 48, 58] (0.9 63)
[29, 36, 58, 66] (0.9 63)
[36, 48, 58, 60] (0.9428571428571428 66)
[5, 36, 48, 52] (0.9142857142857143 64)
[5, 34, 36, 58] (0.9285714285714286 65)
[7, 29, 48, 58] (0.9285714285714286 65)
[7, 34, 52, 60] (0.9285714285714286 65)
[5, 34, 36, 48] (0.9 63)
[29, 36, 60, 66] (0.9 63)
[5, 7, 34, 58] (0.9142857142857143 64)
[34, 40, 58, 66] (0.9142857142857143 64)
[7, 29, 52, 60] (0.9571428571428572 67)
[5, 34, 52, 58] (0.9428571428571428 66)
[36, 48, 60, 66] (0.9 63)
[36, 40, 48, 66] (0.9 63)
[5, 7, 34, 40] (0.9142857142857143 64)
[7, 36, 40, 52] (0.9571428571428572 67)
[29, 34, 52, 58] (0.9571428571428572 67)
[34, 40, 48, 52] (0.9285714285714286 65)
[29, 36, 52, 56] (0.9 63)
[29, 36, 40, 52] (0.9714285714285714 68)
[5, 29, 34, 52] (0.9285714285714286 65)
[29, 52, 56, 58] (0.9142857142857143 64)
[40, 48, 52, 60] (0.9428571428571428 66)
[34, 40, 52, 66] (0.9142857142857143 64)
[5, 36, 48, 60] (0.9 63)
[34, 58, 60, 66] (0.9142857142857143 64)
[52, 58, 60, 62] (0.9 63)
[34, 52, 58, 66] (0.9142857142857143 64)
[5, 40, 48, 60] (0.9 63)
[29, 34, 58, 66] (0.9 63)
[36, 52, 60, 66] (0.9142857142857143 64)
[3, 29, 40, 58] (0.9 63)
[48, 58, 60, 66] (0.9 63)
[29, 52, 58, 62] (0.9 63)
[5, 36, 40, 60] (0.9285714285714286 65)
[40, 52, 60, 66] (0.9285714285714286 65)
[34, 36, 52, 60] (0.9428571428571428 66)
[7, 40, 60, 66] (0.9 63)
[7, 29, 34, 40] (0.9428571428571428 66)
[5, 29, 40, 48] (0.9 63)
[7, 29, 34, 60] (0.9285714285714286 65)
[5, 34, 40, 48] (0.9 63)
[5, 34, 40, 58] (0.9428571428571428 66)
[7, 34, 40, 48] (0.9 63)
[29, 36, 58, 60] (0.9571428571428572 67)
[5, 40, 58, 60] (0.9428571428571428 66)
[5, 29, 34, 36] (0.9142857142857143 64)
[5, 34, 52, 60] (0.9285714285714286 65)
[5, 7, 36, 52] (0.9142857142857143 64)
[29, 52, 56, 60] (0.9 63)
[29, 34, 40, 60] (0.9428571428571428 66)
[29, 36, 52, 66] (0.9 63)
[29, 48, 52, 60] (0.9285714285714286 65)
[29, 36, 40, 56] (0.9 63)
[7, 29, 40, 48] (0.9285714285714286 65)
[29, 52, 58, 60] (0.9714285714285714 68)
[7, 29, 52, 58] (0.9714285714285714 68)
[7, 29, 40, 58] (0.9714285714285714 68)
[29, 36, 40, 66] (0.9 63)
[36, 40, 60, 66] (0.9142857142857143 64)
[5, 29, 40, 58] (0.9428571428571428 66)
[52, 56, 58, 60] (0.9142857142857143 64)
[7, 36, 52, 58] (0.9571428571428572 67)
[5, 7, 34, 36] (0.9 63)
[7, 34, 58, 60] (0.9285714285714286 65)
[5, 29, 52, 60] (0.9285714285714286 65)
[5, 7, 36, 40] (0.9142857142857143 64)
[36, 40, 48, 60] (0.9428571428571428 66)
[40, 52, 56, 60] (0.9142857142857143 64)
[7, 52, 58, 60] (0.9571428571428572 67)
[52, 58, 60, 66] (0.9285714285714286 65)
[34, 40, 58, 60] (0.9571428571428572 67)
[29, 34, 40, 66] (0.9 63)
[29, 36, 40, 58] (0.9714285714285714 68)
[5, 29, 34, 58] (0.9285714285714286 65)
[7, 29, 52, 56] (0.9 63)
[36, 40, 56, 58] (0.9142857142857143 64)
[7, 29, 52, 66] (0.9 63)
[7, 40, 52, 60] (0.9571428571428572 67)
[40, 52, 60, 62] (0.9 63)
[5, 34, 36, 40] (0.9285714285714286 65)
[40, 52, 56, 58] (0.9285714285714286 65)
[7, 34, 48, 52] (0.9 63)
[29, 36, 48, 58] (0.9428571428571428 66)
[5, 34, 36, 60] (0.9142857142857143 64)
[5, 29, 40, 52] (0.9428571428571428 66)
[36, 56, 58, 60] (0.9 63)
[34, 52, 58, 60] (0.9571428571428572 67)
[40, 48, 58, 60] (0.9428571428571428 66)
[34, 36, 48, 60] (0.9142857142857143 64)
[5, 40, 48, 52] (0.9142857142857143 64)
[29, 34, 36, 48] (0.9142857142857143 64)
[34, 48, 52, 60] (0.9142857142857143 64)
[34, 36, 52, 66] (0.9 63)
[3, 29, 52, 58] (0.9 63)
[5, 34, 36, 52] (0.9285714285714286 65)
[5, 36, 40, 52] (0.9428571428571428 66)
[7, 29, 34, 52] (0.9428571428571428 66)
[29, 34, 52, 60] (0.9428571428571428 66)
[7, 29, 56, 58] (0.9 63)
[48, 52, 58, 60] (0.9428571428571428 66)
[34, 52, 60, 66] (0.9142857142857143 64)
[7, 34, 36, 60] (0.9142857142857143 64)
[5, 7, 52, 58] (0.9285714285714286 65)
[34, 36, 60, 66] (0.9 63)
[34, 52, 56, 58] (0.9 63)
[7, 34, 36, 52] (0.9285714285714286 65)
[5, 34, 48, 52] (0.9 63)
[36, 40, 52, 56] (0.9142857142857143 64)
[40, 48, 52, 58] (0.9571428571428572 67)
[5, 7, 58, 60] (0.9142857142857143 64)
[5, 40, 60, 66] (0.9 63)
[7, 34, 36, 48] (0.9 63)
[29, 34, 36, 58] (0.9428571428571428 66)
[7, 29, 34, 36] (0.9285714285714286 65)
[5, 7, 36, 58] (0.9142857142857143 64)
[7, 29, 48, 60] (0.9142857142857143 64)
[5, 7, 40, 60] (0.9142857142857143 64)
[29, 40, 52, 60] (0.9714285714285714 68)
[5, 29, 58, 60] (0.9285714285714286 65)
[40, 58, 60, 66] (0.9285714285714286 65)
[5, 40, 48, 58] (0.9142857142857143 64)
[7, 29, 58, 60] (0.9571428571428572 67)
[29, 48, 58, 60] (0.9285714285714286 65)
[36, 52, 58, 66] (0.9142857142857143 64)
[34, 36, 52, 58] (0.9571428571428572 67)
[29, 34, 40, 52] (0.9571428571428572 67)
[3, 29, 40, 52] (0.9 63)
[40, 48, 60, 66] (0.9 63)
[34, 36, 48, 52] (0.9285714285714286 65)
[34, 40, 56, 58] (0.9 63)
[7, 29, 34, 58] (0.9428571428571428 66)
[34, 36, 58, 66] (0.9 63)
[36, 52, 58, 60] (0.9714285714285714 68)
[36, 40, 52, 66] (0.9142857142857143 64)
[34, 36, 40, 60] (0.9428571428571428 66)
[7, 40, 52, 56] (0.9 63)
[7, 40, 48, 58] (0.9285714285714286 65)
[7, 29, 36, 40] (0.9571428571428572 67)
[29, 40, 58, 66] (0.9142857142857143 64)
[29, 36, 48, 60] (0.9285714285714286 65)
[29, 52, 58, 66] (0.9142857142857143 64)
[29, 34, 36, 40] (0.9428571428571428 66)
[7, 48, 52, 58] (0.9285714285714286 65)
[5, 48, 58, 60] (0.9 63)
[34, 48, 52, 58] (0.9285714285714286 65)
[7, 34, 36, 58] (0.9285714285714286 65)
[5, 34, 48, 58] (0.9 63)
[5, 40, 52, 60] (0.9428571428571428 66)
[34, 36, 48, 58] (0.9285714285714286 65)
[7, 29, 58, 66] (0.9 63)
[36, 52, 58, 62] (0.9 63)
[29, 36, 48, 52] (0.9428571428571428 66)
[5, 36, 40, 48] (0.9142857142857143 64)
[3, 40, 52, 58] (0.9 63)
[7, 36, 58, 60] (0.9428571428571428 66)
[29, 34, 60, 66] (0.9 63)
[7, 29, 36, 52] (0.9571428571428572 67)
[7, 34, 36, 40] (0.9285714285714286 65)
[7, 36, 48, 58] (0.9285714285714286 65)
[29, 58, 60, 66] (0.9142857142857143 64)
[36, 40, 52, 58] (0.9857142857142858 69)
[7, 48, 58, 60] (0.9142857142857143 64)
[5, 7, 40, 52] (0.9285714285714286 65)
[29, 34, 36, 52] (0.9428571428571428 66)
[40, 48, 58, 66] (0.9 63)
[5, 34, 58, 60] (0.9285714285714286 65)
[7, 29, 34, 48] (0.9 63)
[34, 40, 52, 56] (0.9 63)
[29, 40, 48, 52] (0.9428571428571428 66)
[29, 40, 58, 62] (0.9 63)
[5, 29, 36, 60] (0.9142857142857143 64)
[29, 34, 40, 48] (0.9142857142857143 64)
[5, 29, 52, 58] (0.9428571428571428 66)
[5, 29, 36, 40] (0.9285714285714286 65)
[36, 48, 52, 60] (0.9428571428571428 66)
[36, 40, 52, 62] (0.9 63)
[5, 7, 29, 34] (0.9142857142857143 64)
[5, 58, 60, 66] (0.9 63)
[29, 36, 52, 58] (0.9714285714285714 68)
[5, 48, 52, 60] (0.9 63)
[36, 52, 56, 60] (0.9 63)
[5, 36, 48, 58] (0.9142857142857143 64)
[7, 40, 52, 66] (0.9 63)
[36, 40, 56, 60] (0.9 63)
[5, 36, 52, 58] (0.9428571428571428 66)
[29, 34, 48, 60] (0.9 63)
[5, 29, 34, 60] (0.9142857142857143 64)
[29, 40, 58, 60] (0.9714285714285714 68)
[7, 34, 40, 60] (0.9285714285714286 65)
[34, 40, 52, 58] (0.9714285714285714 68)
[40, 56, 58, 60] (0.9142857142857143 64)
[7, 40, 52, 58] (0.9714285714285714 68)
[5, 7, 29, 36] (0.9142857142857143 64)
[34, 40, 48, 60] (0.9142857142857143 64)
[34, 36, 40, 66] (0.9 63)
[34, 36, 40, 52] (0.9571428571428572 67)
[5, 52, 58, 60] (0.9428571428571428 66)
[48, 52, 60, 66] (0.9 63)
[36, 40, 48, 58] (0.9571428571428572 67)
[36, 40, 58, 66] (0.9142857142857143 64)
[29, 40, 52, 66] (0.9142857142857143 64)
[7, 36, 48, 52] (0.9285714285714286 65)
[5, 40, 52, 66] (0.9 63)
[29, 40, 52, 56] (0.9142857142857143 64)
[7, 40, 48, 60] (0.9142857142857143 64)
[7, 29, 36, 58] (0.9571428571428572 67)
[7, 29, 36, 48] (0.9285714285714286 65)
[7, 34, 40, 52] (0.9428571428571428 66)
[5, 7, 29, 58] (0.9285714285714286 65)
[29, 34, 40, 58] (0.9571428571428572 67)
[29, 34, 36, 60] (0.9285714285714286 65)
[7, 36, 52, 60] (0.9428571428571428 66)
[7, 40, 56, 58] (0.9 63)
[34, 36, 40, 58] (0.9571428571428572 67)
[7, 29, 36, 60] (0.9428571428571428 66)
[5, 36, 52, 60] (0.9285714285714286 65)
[5, 7, 34, 60] (0.9 63)
[5, 7, 40, 58] (0.9285714285714286 65)
[36, 40, 48, 52] (0.9571428571428572 67)
[36, 40, 58, 60] (0.9714285714285714 68)
[7, 36, 48, 60] (0.9142857142857143 64)
[7, 29, 40, 60] (0.9571428571428572 67)
[40, 58, 60, 62] (0.9 63)
[40, 52, 58, 66] (0.9285714285714286 65)
[5, 40, 52, 58] (0.9571428571428572 67)
[40, 48, 52, 66] (0.9 63)
[29, 34, 48, 52] (0.9142857142857143 64)
[36, 58, 60, 66] (0.9142857142857143 64)
[29, 40, 48, 60] (0.9285714285714286 65)
[7, 29, 48, 52] (0.9285714285714286 65)
[29, 48, 52, 58] (0.9428571428571428 66)
[5, 29, 36, 52] (0.9285714285714286 65)
[36, 40, 52, 60] (0.9714285714285714 68)
[34, 48, 58, 60] (0.9142857142857143 64)
[5, 7, 52, 60] (0.9142857142857143 64)
[7, 40, 48, 52] (0.9285714285714286 65)
[34, 36, 58, 60] (0.9428571428571428 66)
[34, 40, 60, 66] (0.9142857142857143 64)
[29, 36, 40, 48] (0.9428571428571428 66)
[7, 36, 40, 48] (0.9285714285714286 65)
[36, 40, 58, 62] (0.9 63)
[7, 36, 40, 58] (0.9571428571428572 67)
[29, 40, 56, 58] (0.9142857142857143 64)
[7, 40, 58, 66] (0.9 63)
[7, 29, 60, 66] (0.9 63)
[29, 40, 52, 62] (0.9 63)
[36, 52, 56, 58] (0.9142857142857143 64)
[29, 36, 52, 58, 66] (0.9 63)
[3, 29, 40, 52, 58] (0.9 63)
[5, 7, 29, 58, 60] (0.9142857142857143 64)
[7, 29, 36, 40, 48] (0.9285714285714286 65)
[29, 36, 40, 52, 60] (0.9571428571428572 67)
[29, 36, 40, 56, 58] (0.9 63)
[7, 34, 36, 52, 58] (0.9285714285714286 65)
[7, 40, 52, 58, 66] (0.9 63)
[7, 52, 58, 60, 66] (0.9 63)
[7, 29, 34, 52, 58] (0.9428571428571428 66)
[29, 36, 48, 52, 58] (0.9428571428571428 66)
[29, 34, 36, 48, 52] (0.9142857142857143 64)
[7, 29, 36, 48, 58] (0.9285714285714286 65)
[7, 29, 34, 40, 60] (0.9285714285714286 65)
[7, 29, 36, 52, 60] (0.9428571428571428 66)
[36, 52, 58, 60, 66] (0.9142857142857143 64)
[40, 48, 52, 60, 66] (0.9 63)
[5, 34, 52, 58, 60] (0.9285714285714286 65)
[5, 7, 29, 34, 52] (0.9142857142857143 64)
[5, 34, 36, 40, 52] (0.9285714285714286 65)
[34, 36, 48, 58, 60] (0.9142857142857143 64)
[5, 7, 40, 58, 60] (0.9142857142857143 64)
[34, 36, 40, 52, 60] (0.9428571428571428 66)
[48, 52, 58, 60, 66] (0.9 63)
[7, 36, 40, 48, 52] (0.9285714285714286 65)
[29, 34, 36, 40, 58] (0.9428571428571428 66)
[7, 29, 34, 40, 52] (0.9428571428571428 66)
[5, 7, 36, 40, 60] (0.9 63)
[5, 29, 34, 40, 52] (0.9285714285714286 65)
[5, 40, 52, 58, 66] (0.9 63)
[7, 29, 34, 36, 48] (0.9 63)
[36, 40, 48, 52, 58] (0.9571428571428572 67)
[7, 29, 36, 48, 52] (0.9285714285714286 65)
[29, 40, 52, 56, 58] (0.9142857142857143 64)
[5, 7, 29, 34, 40] (0.9142857142857143 64)
[5, 7, 52, 58, 60] (0.9142857142857143 64)
[7, 29, 40, 58, 60] (0.9571428571428572 67)
[5, 29, 36, 48, 52] (0.9 63)
[5, 34, 36, 40, 60] (0.9142857142857143 64)
[5, 7, 29, 34, 58] (0.9142857142857143 64)
[29, 34, 40, 48, 60] (0.9 63)
[5, 7, 34, 36, 52] (0.9 63)
[7, 40, 48, 52, 58] (0.9285714285714286 65)
[5, 34, 36, 40, 48] (0.9 63)
[34, 36, 52, 58, 60] (0.9428571428571428 66)
[29, 34, 48, 52, 58] (0.9142857142857143 64)
[5, 29, 52, 58, 60] (0.9285714285714286 65)
[29, 34, 36, 40, 52] (0.9428571428571428 66)
[5, 36, 40, 52, 58] (0.9428571428571428 66)
[7, 29, 36, 40, 58] (0.9571428571428572 67)
[7, 34, 36, 40, 60] (0.9142857142857143 64)
[34, 40, 52, 58, 66] (0.9142857142857143 64)
[7, 29, 40, 52, 56] (0.9 63)
[36, 40, 48, 52, 66] (0.9 63)
[5, 34, 40, 48, 58] (0.9 63)
[29, 36, 58, 60, 66] (0.9 63)
[5, 7, 40, 52, 60] (0.9142857142857143 64)
[5, 40, 58, 60, 66] (0.9 63)
[29, 36, 52, 58, 60] (0.9571428571428572 67)
[7, 29, 40, 52, 66] (0.9 63)
[7, 29, 34, 48, 52] (0.9 63)
[5, 7, 34, 36, 40] (0.9 63)
[7, 34, 40, 58, 60] (0.9285714285714286 65)
[29, 52, 56, 58, 60] (0.9 63)
[29, 36, 40, 48, 58] (0.9428571428571428 66)
[5, 7, 34, 52, 58] (0.9142857142857143 64)
[5, 52, 58, 60, 66] (0.9 63)
[34, 40, 52, 56, 58] (0.9 63)
[7, 29, 52, 60, 66] (0.9 63)
[36, 40, 52, 56, 60] (0.9 63)
[29, 34, 36, 48, 58] (0.9142857142857143 64)
[29, 40, 52, 58, 66] (0.9142857142857143 64)
[5, 29, 40, 48, 52] (0.9 63)
[5, 29, 40, 52, 58] (0.9428571428571428 66)
[34, 40, 48, 52, 60] (0.9142857142857143 64)
[5, 34, 40, 52, 60] (0.9285714285714286 65)
[5, 34, 36, 40, 58] (0.9285714285714286 65)
[36, 48, 58, 60, 66] (0.9 63)
[5, 34, 40, 58, 60] (0.9285714285714286 65)
[29, 40, 56, 58, 60] (0.9 63)
[7, 34, 40, 52, 58] (0.9428571428571428 66)
[7, 34, 52, 58, 60] (0.9285714285714286 65)
[36, 48, 52, 58, 60] (0.9428571428571428 66)
[7, 36, 48, 52, 58] (0.9285714285714286 65)
[29, 40, 52, 56, 60] (0.9 63)
[7, 34, 36, 40, 58] (0.9285714285714286 65)
[7, 34, 36, 48, 52] (0.9 63)
[7, 29, 48, 52, 58] (0.9285714285714286 65)
[7, 29, 36, 40, 60] (0.9428571428571428 66)
[29, 34, 48, 52, 60] (0.9 63)
[7, 40, 52, 56, 58] (0.9 63)
[7, 29, 34, 40, 58] (0.9428571428571428 66)
[5, 36, 48, 52, 60] (0.9 63)
[5, 7, 34, 36, 58] (0.9 63)
[5, 34, 36, 48, 58] (0.9 63)
[29, 34, 40, 52, 58] (0.9571428571428572 67)
[29, 34, 40, 52, 66] (0.9 63)
[7, 29, 34, 40, 48] (0.9 63)
[7, 29, 40, 60, 66] (0.9 63)
[5, 7, 34, 40, 52] (0.9142857142857143 64)
[7, 29, 40, 58, 66] (0.9 63)
[34, 52, 58, 60, 66] (0.9142857142857143 64)
[5, 34, 36, 52, 58] (0.9285714285714286 65)
[29, 36, 40, 52, 66] (0.9 63)
[7, 29, 40, 48, 60] (0.9142857142857143 64)
[7, 34, 36, 58, 60] (0.9142857142857143 64)
[5, 7, 40, 52, 58] (0.9285714285714286 65)
[29, 36, 40, 52, 56] (0.9 63)
[5, 29, 48, 52, 58] (0.9 63)
[29, 34, 36, 52, 60] (0.9285714285714286 65)
[7, 29, 48, 58, 60] (0.9142857142857143 64)
[29, 34, 52, 58, 60] (0.9428571428571428 66)
[29, 36, 40, 60, 66] (0.9 63)
[40, 52, 56, 58, 60] (0.9142857142857143 64)
[5, 36, 52, 58, 60] (0.9285714285714286 65)
[29, 36, 48, 58, 60] (0.9285714285714286 65)
[29, 40, 52, 60, 66] (0.9142857142857143 64)
[36, 40, 56, 58, 60] (0.9 63)
[29, 34, 40, 52, 60] (0.9428571428571428 66)
[7, 29, 52, 56, 58] (0.9 63)
[7, 48, 52, 58, 60] (0.9142857142857143 64)
[34, 36, 40, 58, 66] (0.9 63)
[29, 40, 48, 52, 60] (0.9285714285714286 65)
[5, 7, 34, 40, 58] (0.9142857142857143 64)
[7, 29, 40, 52, 60] (0.9571428571428572 67)
[5, 7, 29, 36, 58] (0.9142857142857143 64)
[29, 36, 40, 52, 58] (0.9714285714285714 68)
[7, 36, 48, 58, 60] (0.9142857142857143 64)
[7, 36, 40, 48, 60] (0.9142857142857143 64)
[5, 29, 40, 52, 60] (0.9285714285714286 65)
[5, 34, 36, 52, 60] (0.9142857142857143 64)
[36, 40, 48, 60, 66] (0.9 63)
[7, 29, 34, 52, 60] (0.9285714285714286 65)
[7, 29, 34, 58, 60] (0.9285714285714286 65)
[7, 29, 40, 48, 52] (0.9285714285714286 65)
[5, 7, 34, 52, 60] (0.9 63)
[34, 36, 40, 58, 60] (0.9428571428571428 66)
[5, 29, 34, 40, 58] (0.9285714285714286 65)
[36, 48, 52, 58, 66] (0.9 63)
[5, 7, 29, 34, 36] (0.9 63)
[29, 36, 52, 60, 66] (0.9 63)
[5, 40, 48, 52, 58] (0.9142857142857143 64)
[34, 36, 52, 58, 66] (0.9 63)
[34, 40, 52, 58, 60] (0.9571428571428572 67)
[7, 29, 36, 40, 52] (0.9571428571428572 67)
[29, 34, 36, 40, 60] (0.9285714285714286 65)
[7, 34, 36, 48, 58] (0.9 63)
[36, 52, 56, 58, 60] (0.9 63)
[29, 40, 58, 60, 66] (0.9142857142857143 64)
[7, 34, 36, 40, 52] (0.9285714285714286 65)
[29, 34, 52, 60, 66] (0.9 63)
[5, 29, 36, 40, 60] (0.9142857142857143 64)
[7, 40, 48, 52, 60] (0.9142857142857143 64)
[34, 40, 58, 60, 66] (0.9142857142857143 64)
[5, 7, 36, 52, 60] (0.9 63)
[36, 40, 52, 56, 58] (0.9142857142857143 64)
[7, 40, 52, 60, 66] (0.9 63)
[5, 36, 40, 48, 52] (0.9142857142857143 64)
[5, 7, 29, 36, 40] (0.9142857142857143 64)
[34, 40, 48, 52, 58] (0.9285714285714286 65)
[29, 36, 40, 58, 60] (0.9571428571428572 67)
[5, 29, 34, 58, 60] (0.9142857142857143 64)
[40, 52, 58, 60, 62] (0.9 63)
[5, 34, 36, 48, 52] (0.9 63)
[5, 36, 40, 58, 60] (0.9285714285714286 65)
[7, 29, 34, 36, 52] (0.9285714285714286 65)
[29, 36, 40, 48, 60] (0.9285714285714286 65)
[7, 29, 36, 58, 60] (0.9428571428571428 66)
[5, 36, 40, 52, 60] (0.9285714285714286 65)
[5, 29, 36, 40, 52] (0.9285714285714286 65)
[29, 34, 36, 52, 58] (0.9428571428571428 66)
[5, 7, 36, 40, 58] (0.9142857142857143 64)
[5, 29, 34, 52, 60] (0.9142857142857143 64)
[5, 7, 29, 40, 60] (0.9142857142857143 64)
[7, 36, 40, 52, 60] (0.9428571428571428 66)
[34, 36, 48, 52, 60] (0.9142857142857143 64)
[5, 40, 48, 52, 60] (0.9 63)
[7, 29, 52, 58, 66] (0.9 63)
[5, 7, 29, 52, 58] (0.9285714285714286 65)
[7, 36, 52, 58, 60] (0.9428571428571428 66)
[7, 29, 34, 36, 58] (0.9285714285714286 65)
[7, 29, 40, 48, 58] (0.9285714285714286 65)
[7, 36, 40, 58, 60] (0.9428571428571428 66)
[29, 48, 52, 58, 60] (0.9285714285714286 65)
[5, 7, 36, 58, 60] (0.9 63)
[7, 34, 36, 40, 48] (0.9 63)
[29, 34, 40, 58, 66] (0.9 63)
[34, 36, 40, 48, 58] (0.9285714285714286 65)
[7, 36, 48, 52, 60] (0.9142857142857143 64)
[5, 7, 29, 40, 52] (0.9285714285714286 65)
[7, 29, 36, 52, 58] (0.9571428571428572 67)
[34, 48, 52, 58, 60] (0.9142857142857143 64)
[5, 29, 34, 36, 60] (0.9 63)
[5, 29, 36, 52, 60] (0.9142857142857143 64)
[29, 34, 48, 58, 60] (0.9 63)
[5, 29, 34, 36, 58] (0.9142857142857143 64)
[29, 52, 58, 60, 66] (0.9142857142857143 64)
[29, 36, 52, 56, 58] (0.9 63)
[29, 34, 52, 58, 66] (0.9 63)
[5, 36, 40, 48, 58] (0.9142857142857143 64)
[5, 7, 29, 36, 52] (0.9142857142857143 64)
[5, 36, 48, 52, 58] (0.9142857142857143 64)
[36, 48, 52, 60, 66] (0.9 63)
[29, 36, 40, 58, 66] (0.9 63)
[5, 34, 36, 58, 60] (0.9142857142857143 64)
[7, 34, 36, 52, 60] (0.9142857142857143 64)
[29, 40, 52, 58, 60] (0.9714285714285714 68)
[29, 34, 36, 58, 60] (0.9285714285714286 65)
[5, 29, 36, 40, 48] (0.9 63)
[7, 36, 40, 48, 58] (0.9285714285714286 65)
[5, 34, 48, 52, 58] (0.9 63)
[29, 34, 40, 48, 58] (0.9142857142857143 64)
[7, 29, 40, 56, 58] (0.9 63)
[36, 40, 52, 58, 62] (0.9 63)
[5, 7, 29, 36, 60] (0.9 63)
[5, 29, 36, 48, 58] (0.9 63)
[29, 40, 48, 52, 58] (0.9428571428571428 66)
[7, 29, 34, 48, 58] (0.9 63)
[34, 36, 40, 52, 58] (0.9571428571428572 67)
[5, 7, 34, 40, 60] (0.9 63)
[40, 48, 58, 60, 66] (0.9 63)
[5, 40, 52, 60, 66] (0.9 63)
[7, 34, 40, 48, 58] (0.9 63)
[34, 40, 48, 58, 60] (0.9142857142857143 64)
[40, 48, 52, 58, 66] (0.9 63)
[36, 40, 48, 58, 66] (0.9 63)
[36, 40, 58, 60, 66] (0.9142857142857143 64)
[5, 29, 34, 40, 60] (0.9142857142857143 64)
[5, 7, 36, 40, 52] (0.9142857142857143 64)
[5, 48, 52, 58, 60] (0.9 63)
[5, 36, 48, 58, 60] (0.9 63)
[5, 7, 34, 58, 60] (0.9 63)
[34, 36, 40, 60, 66] (0.9 63)
[34, 36, 52, 60, 66] (0.9 63)
[29, 40, 52, 58, 62] (0.9 63)
[7, 40, 48, 58, 60] (0.9142857142857143 64)
[34, 36, 58, 60, 66] (0.9 63)
[34, 36, 40, 48, 52] (0.9285714285714286 65)
[5, 29, 36, 58, 60] (0.9142857142857143 64)
[5, 36, 40, 48, 60] (0.9 63)
[36, 40, 52, 58, 60] (0.9714285714285714 68)
[7, 29, 40, 52, 58] (0.9714285714285714 68)
[5, 40, 48, 58, 60] (0.9 63)
[29, 34, 58, 60, 66] (0.9 63)
[34, 36, 48, 52, 58] (0.9285714285714286 65)
[5, 7, 36, 52, 58] (0.9142857142857143 64)
[29, 36, 48, 52, 60] (0.9285714285714286 65)
[7, 40, 58, 60, 66] (0.9 63)
[7, 34, 40, 52, 60] (0.9285714285714286 65)
[5, 29, 36, 40, 58] (0.9285714285714286 65)
[36, 40, 52, 60, 66] (0.9142857142857143 64)
[40, 52, 58, 60, 66] (0.9285714285714286 65)
[29, 36, 40, 48, 52] (0.9428571428571428 66)
[5, 29, 40, 58, 60] (0.9285714285714286 65)
[7, 29, 34, 36, 60] (0.9142857142857143 64)
[34, 36, 40, 48, 60] (0.9142857142857143 64)
[29, 34, 40, 60, 66] (0.9 63)
[5, 34, 40, 48, 52] (0.9 63)
[7, 29, 52, 58, 60] (0.9571428571428572 67)
[5, 34, 40, 52, 58] (0.9428571428571428 66)
[36, 40, 52, 58, 66] (0.9142857142857143 64)
[7, 29, 36, 48, 60] (0.9142857142857143 64)
[7, 29, 34, 36, 40] (0.9285714285714286 65)
[7, 29, 58, 60, 66] (0.9 63)
[36, 40, 48, 52, 60] (0.9428571428571428 66)
[5, 29, 34, 36, 52] (0.9142857142857143 64)
[7, 40, 52, 58, 60] (0.9571428571428572 67)
[29, 34, 36, 40, 48] (0.9142857142857143 64)
[29, 40, 48, 58, 60] (0.9285714285714286 65)
[29, 34, 36, 48, 60] (0.9 63)
[7, 29, 48, 52, 60] (0.9142857142857143 64)
[5, 29, 36, 52, 58] (0.9285714285714286 65)
[29, 34, 40, 58, 60] (0.9428571428571428 66)
[5, 7, 29, 52, 60] (0.9142857142857143 64)
[5, 29, 40, 48, 58] (0.9 63)
[34, 36, 40, 52, 66] (0.9 63)
[7, 34, 40, 48, 52] (0.9 63)
[29, 34, 40, 48, 52] (0.9142857142857143 64)
[5, 29, 34, 52, 58] (0.9285714285714286 65)
[7, 36, 40, 52, 58] (0.9571428571428572 67)
[5, 7, 29, 40, 58] (0.9285714285714286 65)
[36, 40, 48, 58, 60] (0.9428571428571428 66)
[34, 40, 52, 60, 66] (0.9142857142857143 64)
[5, 29, 34, 36, 40] (0.9142857142857143 64)
[5, 7, 29, 34, 60] (0.9 63)
[7, 34, 48, 52, 58] (0.9 63)
[5, 40, 52, 58, 60] (0.9428571428571428 66)
[40, 48, 52, 58, 60] (0.9428571428571428 66)
[5, 7, 34, 36, 52, 58] (0.9 63)
[36, 48, 52, 58, 60, 66] (0.9 63)
[7, 29, 34, 48, 52, 58] (0.9 63)
[5, 7, 29, 36, 58, 60] (0.9 63)
[7, 34, 36, 40, 48, 52] (0.9 63)
[29, 34, 40, 58, 60, 66] (0.9 63)
[5, 29, 36, 40, 58, 60] (0.9142857142857143 64)
[5, 29, 36, 48, 52, 58] (0.9 63)
[5, 7, 29, 34, 36, 58] (0.9 63)
[7, 29, 34, 40, 58, 60] (0.9285714285714286 65)
[5, 7, 29, 34, 40, 58] (0.9142857142857143 64)
[29, 36, 40, 48, 52, 60] (0.9285714285714286 65)
[7, 29, 34, 36, 40, 48] (0.9 63)
[5, 7, 36, 40, 52, 58] (0.9142857142857143 64)
[34, 36, 40, 48, 52, 60] (0.9142857142857143 64)
[36, 40, 52, 58, 60, 66] (0.9142857142857143 64)
[5, 36, 48, 52, 58, 60] (0.9 63)
[7, 29, 40, 52, 58, 66] (0.9 63)
[5, 29, 34, 36, 40, 60] (0.9 63)
[29, 36, 40, 52, 58, 60] (0.9571428571428572 67)
[29, 34, 36, 52, 58, 60] (0.9285714285714286 65)
[5, 36, 40, 48, 58, 60] (0.9 63)
[7, 34, 36, 48, 52, 58] (0.9 63)
[29, 34, 40, 48, 52, 58] (0.9142857142857143 64)
[7, 36, 40, 48, 52, 60] (0.9142857142857143 64)
[5, 7, 29, 34, 52, 60] (0.9 63)
[5, 29, 40, 52, 58, 60] (0.9285714285714286 65)
[7, 29, 40, 48, 52, 60] (0.9142857142857143 64)
[7, 29, 34, 52, 58, 60] (0.9285714285714286 65)
[7, 29, 34, 40, 52, 60] (0.9285714285714286 65)
[7, 34, 36, 40, 52, 58] (0.9285714285714286 65)
[5, 7, 29, 34, 36, 40] (0.9 63)
[7, 29, 34, 36, 40, 58] (0.9285714285714286 65)
[29, 40, 52, 58, 60, 66] (0.9142857142857143 64)
[7, 29, 36, 48, 52, 58] (0.9285714285714286 65)
[5, 29, 34, 36, 52, 58] (0.9142857142857143 64)
[34, 36, 40, 48, 58, 60] (0.9142857142857143 64)
[29, 36, 48, 52, 58, 60] (0.9285714285714286 65)
[7, 29, 40, 52, 58, 60] (0.9571428571428572 67)
[29, 40, 48, 52, 58, 60] (0.9285714285714286 65)
[5, 34, 36, 40, 52, 58] (0.9285714285714286 65)
[36, 40, 48, 52, 60, 66] (0.9 63)
[7, 29, 34, 36, 48, 58] (0.9 63)
[7, 34, 36, 40, 48, 58] (0.9 63)
[7, 29, 40, 58, 60, 66] (0.9 63)
[7, 29, 48, 52, 58, 60] (0.9142857142857143 64)
[5, 7, 34, 40, 52, 58] (0.9142857142857143 64)
[5, 7, 29, 34, 36, 52] (0.9 63)
[5, 7, 29, 40, 52, 60] (0.9142857142857143 64)
[34, 36, 52, 58, 60, 66] (0.9 63)
[36, 40, 52, 56, 58, 60] (0.9 63)
[5, 29, 36, 40, 52, 60] (0.9142857142857143 64)
[7, 29, 36, 40, 58, 60] (0.9428571428571428 66)
[36, 40, 48, 52, 58, 66] (0.9 63)
[5, 7, 29, 36, 40, 60] (0.9 63)
[7, 34, 36, 40, 52, 60] (0.9142857142857143 64)
[5, 7, 29, 52, 58, 60] (0.9142857142857143 64)
[29, 34, 36, 40, 48, 58] (0.9142857142857143 64)
[7, 29, 34, 36, 48, 52] (0.9 63)
[5, 34, 36, 40, 58, 60] (0.9142857142857143 64)
[5, 29, 34, 36, 52, 60] (0.9 63)
[5, 36, 40, 48, 52, 60] (0.9 63)
[7, 29, 34, 36, 52, 58] (0.9285714285714286 65)
[29, 34, 52, 58, 60, 66] (0.9 63)
[5, 29, 40, 48, 52, 58] (0.9 63)
[7, 36, 48, 52, 58, 60] (0.9142857142857143 64)
[29, 40, 52, 56, 58, 60] (0.9 63)
[7, 29, 40, 52, 60, 66] (0.9 63)
[29, 36, 40, 52, 58, 66] (0.9 63)
[7, 29, 40, 48, 58, 60] (0.9142857142857143 64)
[5, 7, 34, 36, 40, 52] (0.9 63)
[34, 36, 40, 52, 60, 66] (0.9 63)
[7, 36, 40, 48, 58, 60] (0.9142857142857143 64)
[7, 29, 36, 40, 52, 60] (0.9428571428571428 66)
[5, 40, 48, 52, 58, 60] (0.9 63)
[5, 7, 29, 40, 58, 60] (0.9142857142857143 64)
[29, 34, 36, 40, 52, 58] (0.9428571428571428 66)
[29, 36, 52, 58, 60, 66] (0.9 63)
[29, 34, 40, 48, 52, 60] (0.9 63)
[5, 40, 52, 58, 60, 66] (0.9 63)
[5, 7, 29, 34, 58, 60] (0.9 63)
[5, 7, 29, 40, 52, 58] (0.9285714285714286 65)
[7, 29, 40, 48, 52, 58] (0.9285714285714286 65)
[5, 7, 34, 36, 40, 58] (0.9 63)
[5, 36, 40, 48, 52, 58] (0.9142857142857143 64)
[5, 34, 40, 52, 58, 60] (0.9285714285714286 65)
[7, 29, 36, 40, 48, 58] (0.9285714285714286 65)
[7, 34, 36, 40, 58, 60] (0.9142857142857143 64)
[29, 36, 40, 58, 60, 66] (0.9 63)
[29, 34, 36, 40, 48, 52] (0.9142857142857143 64)
[29, 34, 40, 52, 60, 66] (0.9 63)
[7, 34, 40, 48, 52, 58] (0.9 63)
[5, 34, 36, 40, 48, 58] (0.9 63)
[7, 29, 36, 48, 58, 60] (0.9142857142857143 64)
[29, 36, 40, 52, 60, 66] (0.9 63)
[36, 40, 48, 52, 58, 60] (0.9428571428571428 66)
[5, 7, 34, 40, 52, 60] (0.9 63)
[5, 7, 34, 40, 58, 60] (0.9 63)
[5, 7, 36, 52, 58, 60] (0.9 63)
[5, 34, 36, 40, 52, 60] (0.9142857142857143 64)
[5, 29, 36, 40, 52, 58] (0.9285714285714286 65)
[7, 36, 40, 48, 52, 58] (0.9285714285714286 65)
[29, 34, 36, 40, 58, 60] (0.9285714285714286 65)
[7, 34, 36, 52, 58, 60] (0.9142857142857143 64)
[5, 29, 34, 52, 58, 60] (0.9142857142857143 64)
[29, 34, 36, 48, 58, 60] (0.9 63)
[29, 34, 40, 48, 58, 60] (0.9 63)
[5, 36, 40, 52, 58, 60] (0.9285714285714286 65)
[29, 34, 40, 52, 58, 66] (0.9 63)
[5, 34, 36, 40, 48, 52] (0.9 63)
[34, 40, 48, 52, 58, 60] (0.9142857142857143 64)
[29, 36, 40, 48, 52, 58] (0.9428571428571428 66)
[29, 34, 36, 40, 48, 60] (0.9 63)
[7, 40, 52, 58, 60, 66] (0.9 63)
[5, 7, 29, 36, 40, 52] (0.9142857142857143 64)
[5, 29, 34, 40, 52, 58] (0.9285714285714286 65)
[29, 34, 36, 40, 52, 60] (0.9285714285714286 65)
[29, 34, 36, 48, 52, 60] (0.9 63)
[29, 34, 48, 52, 58, 60] (0.9 63)
[7, 29, 34, 40, 48, 52] (0.9 63)
[7, 29, 40, 52, 56, 58] (0.9 63)
[7, 29, 36, 48, 52, 60] (0.9142857142857143 64)
[5, 29, 34, 36, 40, 58] (0.9142857142857143 64)
[7, 29, 36, 40, 48, 60] (0.9142857142857143 64)
[7, 29, 36, 52, 58, 60] (0.9428571428571428 66)
[5, 7, 36, 40, 58, 60] (0.9 63)
[29, 36, 40, 52, 56, 58] (0.9 63)
[5, 29, 36, 40, 48, 52] (0.9 63)
[5, 7, 29, 36, 52, 60] (0.9 63)
[5, 7, 34, 52, 58, 60] (0.9 63)
[7, 29, 36, 40, 48, 52] (0.9285714285714286 65)
[5, 7, 29, 36, 40, 58] (0.9142857142857143 64)
[7, 36, 40, 52, 58, 60] (0.9428571428571428 66)
[7, 34, 40, 52, 58, 60] (0.9285714285714286 65)
[29, 36, 40, 48, 58, 60] (0.9285714285714286 65)
[5, 29, 36, 52, 58, 60] (0.9142857142857143 64)
[34, 36, 40, 52, 58, 66] (0.9 63)
[34, 40, 52, 58, 60, 66] (0.9142857142857143 64)
[5, 7, 40, 52, 58, 60] (0.9142857142857143 64)
[5, 34, 36, 52, 58, 60] (0.9142857142857143 64)
[5, 34, 36, 48, 52, 58] (0.9 63)
[7, 40, 48, 52, 58, 60] (0.9142857142857143 64)
[34, 36, 48, 52, 58, 60] (0.9142857142857143 64)
[7, 29, 52, 58, 60, 66] (0.9 63)
[40, 48, 52, 58, 60, 66] (0.9 63)
[7, 29, 34, 36, 40, 52] (0.9285714285714286 65)
[7, 29, 34, 40, 48, 58] (0.9 63)
[5, 7, 29, 34, 40, 60] (0.9 63)
[5, 29, 36, 40, 48, 58] (0.9 63)
[34, 36, 40, 48, 52, 58] (0.9285714285714286 65)
[5, 29, 34, 40, 52, 60] (0.9142857142857143 64)
[7, 29, 34, 36, 40, 60] (0.9142857142857143 64)
[7, 29, 36, 40, 52, 58] (0.9571428571428572 67)
[29, 34, 36, 48, 52, 58] (0.9142857142857143 64)
[5, 34, 40, 48, 52, 58] (0.9 63)
[5, 7, 36, 40, 52, 60] (0.9 63)
[34, 36, 40, 52, 58, 60] (0.9428571428571428 66)
[5, 7, 29, 34, 52, 58] (0.9142857142857143 64)
[5, 7, 29, 34, 40, 52] (0.9142857142857143 64)
[5, 29, 34, 36, 58, 60] (0.9 63)
[36, 40, 48, 58, 60, 66] (0.9 63)
[7, 29, 34, 36, 52, 60] (0.9142857142857143 64)
[5, 29, 34, 40, 58, 60] (0.9142857142857143 64)
[7, 29, 34, 36, 58, 60] (0.9142857142857143 64)
[5, 29, 34, 36, 40, 52] (0.9142857142857143 64)
[5, 7, 29, 36, 52, 58] (0.9142857142857143 64)
[34, 36, 40, 58, 60, 66] (0.9 63)
[7, 29, 34, 40, 52, 58] (0.9428571428571428 66)
[29, 34, 40, 52, 58, 60] (0.9428571428571428 66)
[7, 29, 34, 36, 40, 52, 60] (0.9142857142857143 64)
[29, 34, 36, 40, 48, 52, 58] (0.9142857142857143 64)
[7, 29, 34, 36, 40, 58, 60] (0.9142857142857143 64)
[5, 7, 29, 34, 52, 58, 60] (0.9 63)
[5, 7, 34, 36, 40, 52, 58] (0.9 63)
[5, 7, 29, 36, 40, 52, 60] (0.9 63)
[5, 29, 34, 36, 40, 52, 60] (0.9 63)
[34, 36, 40, 52, 58, 60, 66] (0.9 63)
[5, 29, 36, 40, 48, 52, 58] (0.9 63)
[5, 34, 36, 40, 52, 58, 60] (0.9142857142857143 64)
[7, 36, 40, 48, 52, 58, 60] (0.9142857142857143 64)
[5, 7, 29, 40, 52, 58, 60] (0.9142857142857143 64)
[29, 34, 40, 48, 52, 58, 60] (0.9 63)
[7, 29, 34, 36, 52, 58, 60] (0.9142857142857143 64)
[5, 7, 34, 40, 52, 58, 60] (0.9 63)
[5, 29, 34, 40, 52, 58, 60] (0.9142857142857143 64)
[29, 34, 36, 40, 48, 52, 60] (0.9 63)
[5, 29, 34, 36, 52, 58, 60] (0.9 63)
[7, 29, 36, 48, 52, 58, 60] (0.9142857142857143 64)
[7, 29, 34, 40, 52, 58, 60] (0.9285714285714286 65)
[5, 29, 36, 40, 52, 58, 60] (0.9142857142857143 64)
[7, 29, 36, 40, 48, 52, 58] (0.9285714285714286 65)
[5, 7, 29, 34, 36, 40, 52] (0.9 63)
[5, 34, 36, 40, 48, 52, 58] (0.9 63)
[5, 7, 29, 34, 40, 52, 60] (0.9 63)
[7, 29, 40, 52, 58, 60, 66] (0.9 63)
[7, 34, 36, 40, 48, 52, 58] (0.9 63)
[29, 36, 40, 48, 52, 58, 60] (0.9285714285714286 65)
[7, 29, 34, 36, 40, 48, 58] (0.9 63)
[7, 29, 34, 36, 40, 52, 58] (0.9285714285714286 65)
[5, 7, 29, 36, 52, 58, 60] (0.9 63)
[29, 34, 36, 40, 52, 58, 60] (0.9285714285714286 65)
[5, 7, 29, 34, 40, 58, 60] (0.9 63)
[5, 7, 29, 34, 40, 52, 58] (0.9142857142857143 64)
[36, 40, 48, 52, 58, 60, 66] (0.9 63)
[7, 29, 36, 40, 48, 52, 60] (0.9142857142857143 64)
[5, 29, 34, 36, 40, 52, 58] (0.9142857142857143 64)
[34, 36, 40, 48, 52, 58, 60] (0.9142857142857143 64)
[7, 29, 36, 40, 48, 58, 60] (0.9142857142857143 64)
[5, 7, 29, 34, 36, 52, 58] (0.9 63)
[29, 34, 40, 52, 58, 60, 66] (0.9 63)
[5, 7, 36, 40, 52, 58, 60] (0.9 63)
[29, 36, 40, 52, 58, 60, 66] (0.9 63)
[5, 7, 29, 36, 40, 52, 58] (0.9142857142857143 64)
[7, 29, 40, 48, 52, 58, 60] (0.9142857142857143 64)
[5, 7, 29, 36, 40, 58, 60] (0.9 63)
[7, 29, 36, 40, 52, 58, 60] (0.9428571428571428 66)
[7, 29, 34, 36, 40, 48, 52] (0.9 63)
[7, 29, 34, 36, 48, 52, 58] (0.9 63)
[29, 34, 36, 40, 48, 58, 60] (0.9 63)
[7, 34, 36, 40, 52, 58, 60] (0.9142857142857143 64)
[5, 36, 40, 48, 52, 58, 60] (0.9 63)
[5, 29, 34, 36, 40, 58, 60] (0.9 63)
[5, 7, 29, 34, 36, 40, 58] (0.9 63)
[29, 34, 36, 48, 52, 58, 60] (0.9 63)
[7, 29, 34, 40, 48, 52, 58] (0.9 63)
[5, 7, 29, 36, 40, 52, 58, 60] (0.9 63)
[5, 29, 34, 36, 40, 52, 58, 60] (0.9 63)
[5, 7, 29, 34, 40, 52, 58, 60] (0.9 63)
[7, 29, 36, 40, 48, 52, 58, 60] (0.9142857142857143 64)
[29, 34, 36, 40, 48, 52, 58, 60] (0.9 63)
[5, 7, 29, 34, 36, 40, 52, 58] (0.9 63)
[7, 29, 34, 36, 40, 52, 58, 60] (0.9142857142857143 64)
[7, 29, 34, 36, 40, 48, 52, 58] (0.9 63)
