[5] (0.9615384615384616 25)
[7] (0.9615384615384616 25)
[29] (1.0 26)
[34] (1.0 26)
[36] (0.9230769230769231 24)
[40] (0.9615384615384616 25)
[44] (1.0 26)
[46] (0.9615384615384616 25)
[48] (0.9230769230769231 24)
[52] (1.0 26)
[56] (0.9230769230769231 24)
[58] (1.0 26)
[60] (0.9615384615384616 25)
[62] (0.9615384615384616 25)
[64] (0.9230769230769231 24)
[66] (0.9615384615384616 25)
[7, 66] (0.9230769230769231 24)
[5, 52] (0.9615384615384616 25)
[5, 46] (0.9230769230769231 24)
[44, 52] (1.0 26)
[52, 64] (0.9230769230769231 24)
[46, 60] (0.9230769230769231 24)
[7, 34] (0.9615384615384616 25)
[58, 64] (0.9230769230769231 24)
[36, 44] (0.9230769230769231 24)
[44, 66] (0.9615384615384616 25)
[36, 58] (0.9230769230769231 24)
[29, 58] (1.0 26)
[34, 60] (0.9615384615384616 25)
[29, 48] (0.9230769230769231 24)
[5, 66] (0.9230769230769231 24)
[29, 60] (0.9615384615384616 25)
[48, 52] (0.9230769230769231 24)
[40, 60] (0.9230769230769231 24)
[56, 58] (0.9230769230769231 24)
[34, 40] (0.9615384615384616 25)
[29, 40] (0.9615384615384616 25)
[7, 40] (0.9230769230769231 24)
[34, 58] (1.0 26)
[34, 48] (0.9230769230769231 24)
[40, 46] (0.9230769230769231 24)
[52, 66] (0.9615384615384616 25)
[58, 62] (0.9615384615384616 25)
[5, 58] (0.9615384615384616 25)
[5, 40] (0.9230769230769231 24)
[44, 64] (0.9230769230769231 24)
[46, 66] (0.9230769230769231 24)
[34, 66] (0.9615384615384616 25)
[40, 62] (0.9230769230769231 24)
[29, 46] (0.9615384615384616 25)
[40, 58] (0.9615384615384616 25)
[44, 46] (0.9615384615384616 25)
[29, 66] (0.9615384615384616 25)
[34, 52] (1.0 26)
[29, 52] (1.0 26)
[7, 29] (0.9615384615384616 25)
[40, 44] (0.9615384615384616 25)
[34, 46] (0.9615384615384616 25)
[7, 52] (0.9615384615384616 25)
[34, 36] (0.9230769230769231 24)
[5, 29] (0.9615384615384616 25)
[36, 48] (0.9230769230769231 24)
[40, 52] (0.9615384615384616 25)
[44, 56] (0.9230769230769231 24)
[7, 44] (0.9615384615384616 25)
[29, 36] (0.9230769230769231 24)
[7, 62] (0.9230769230769231 24)
[62, 66] (0.9230769230769231 24)
[58, 60] (0.9615384615384616 25)
[52, 58] (1.0 26)
[7, 58] (0.9615384615384616 25)
[29, 64] (0.9230769230769231 24)
[60, 62] (0.9230769230769231 24)
[29, 44] (1.0 26)
[40, 64] (0.9230769230769231 24)
[34, 44] (1.0 26)
[44, 48] (0.9230769230769231 24)
[5, 60] (0.9230769230769231 24)
[5, 7] (0.9230769230769231 24)
[52, 60] (0.9615384615384616 25)
[34, 64] (0.9230769230769231 24)
[46, 58] (0.9615384615384616 25)
[5, 62] (0.9230769230769231 24)
[44, 60] (0.9615384615384616 25)
[52, 56] (0.9230769230769231 24)
[46, 52] (0.9615384615384616 25)
[60, 66] (0.9615384615384616 25)
[36, 52] (0.9230769230769231 24)
[29, 34] (1.0 26)
[7, 60] (0.9230769230769231 24)
[44, 58] (1.0 26)
[7, 46] (0.9230769230769231 24)
[5, 34] (0.9615384615384616 25)
[46, 62] (0.9230769230769231 24)
[5, 44] (0.9615384615384616 25)
[29, 62] (0.9615384615384616 25)
[34, 62] (0.9615384615384616 25)
[40, 66] (0.9230769230769231 24)
[29, 56] (0.9230769230769231 24)
[58, 66] (0.9615384615384616 25)
[48, 58] (0.9230769230769231 24)
[52, 62] (0.9615384615384616 25)
[34, 56] (0.9230769230769231 24)
[44, 62] (0.9615384615384616 25)
[5, 44, 46] (0.9230769230769231 24)
[34, 52, 58] (1.0 26)
[34, 40, 44] (0.9615384615384616 25)
[34, 36, 58] (0.9230769230769231 24)
[34, 40, 58] (0.9615384615384616 25)
[5, 40, 58] (0.9230769230769231 24)
[40, 60, 66] (0.9230769230769231 24)
[7, 52, 62] (0.9230769230769231 24)
[36, 52, 58] (0.9230769230769231 24)
[34, 36, 44] (0.9230769230769231 24)
[34, 60, 66] (0.9615384615384616 25)
[29, 40, 58] (0.9615384615384616 25)
[7, 29, 46] (0.9230769230769231 24)
[5, 29, 62] (0.9230769230769231 24)
[7, 29, 66] (0.9230769230769231 24)
[29, 58, 66] (0.9615384615384616 25)
[5, 40, 44] (0.9230769230769231 24)
[5, 29, 52] (0.9615384615384616 25)
[34, 44, 66] (0.9615384615384616 25)
[52, 56, 58] (0.9230769230769231 24)
[29, 40, 46] (0.9230769230769231 24)
[7, 29, 34] (0.9615384615384616 25)
[7, 52, 66] (0.9230769230769231 24)
[5, 29, 60] (0.9230769230769231 24)
[7, 34, 52] (0.9615384615384616 25)
[5, 29, 40] (0.9230769230769231 24)
[29, 58, 64] (0.9230769230769231 24)
[40, 52, 66] (0.9230769230769231 24)
[7, 34, 62] (0.9230769230769231 24)
[52, 60, 66] (0.9615384615384616 25)
[34, 44, 64] (0.9230769230769231 24)
[5, 7, 29] (0.9230769230769231 24)
[5, 44, 60] (0.9230769230769231 24)
[5, 44, 62] (0.9230769230769231 24)
[34, 40, 52] (0.9615384615384616 25)
[7, 46, 58] (0.9230769230769231 24)
[5, 29, 66] (0.9230769230769231 24)
[5, 44, 52] (0.9615384615384616 25)
[7, 34, 40] (0.9230769230769231 24)
[29, 40, 44] (0.9615384615384616 25)
[7, 34, 60] (0.9230769230769231 24)
[5, 52, 58] (0.9615384615384616 25)
[44, 52, 60] (0.9615384615384616 25)
[34, 44, 62] (0.9615384615384616 25)
[34, 40, 46] (0.9230769230769231 24)
[34, 40, 66] (0.9230769230769231 24)
[34, 60, 62] (0.9230769230769231 24)
[40, 52, 58] (0.9615384615384616 25)
[60, 62, 66] (0.9230769230769231 24)
[29, 34, 36] (0.9230769230769231 24)
[7, 29, 44] (0.9615384615384616 25)
[44, 46, 60] (0.9230769230769231 24)
[7, 29, 58] (0.9615384615384616 25)
[34, 44, 60] (0.9615384615384616 25)
[34, 62, 66] (0.9230769230769231 24)
[44, 52, 62] (0.9615384615384616 25)
[5, 46, 52] (0.9230769230769231 24)
[46, 60, 66] (0.9230769230769231 24)
[52, 58, 62] (0.9615384615384616 25)
[52, 58, 60] (0.9615384615384616 25)
[44, 48, 52] (0.9230769230769231 24)
[40, 52, 60] (0.9230769230769231 24)
[29, 34, 60] (0.9615384615384616 25)
[44, 52, 64] (0.9230769230769231 24)
[40, 46, 52] (0.9230769230769231 24)
[29, 36, 52] (0.9230769230769231 24)
[5, 44, 66] (0.9230769230769231 24)
[46, 52, 66] (0.9230769230769231 24)
[5, 34, 40] (0.9230769230769231 24)
[34, 52, 66] (0.9615384615384616 25)
[34, 36, 52] (0.9230769230769231 24)
[5, 34, 60] (0.9230769230769231 24)
[52, 58, 64] (0.9230769230769231 24)
[5, 34, 62] (0.9230769230769231 24)
[29, 34, 62] (0.9615384615384616 25)
[44, 52, 66] (0.9615384615384616 25)
[29, 40, 52] (0.9615384615384616 25)
[7, 60, 66] (0.9230769230769231 24)
[5, 34, 52] (0.9615384615384616 25)
[29, 48, 52] (0.9230769230769231 24)
[44, 56, 58] (0.9230769230769231 24)
[29, 44, 46] (0.9615384615384616 25)
[46, 52, 60] (0.9230769230769231 24)
[34, 52, 64] (0.9230769230769231 24)
[34, 56, 58] (0.9230769230769231 24)
[34, 58, 64] (0.9230769230769231 24)
[52, 58, 66] (0.9615384615384616 25)
[52, 62, 66] (0.9230769230769231 24)
[29, 44, 58] (1.0 26)
[40, 52, 64] (0.9230769230769231 24)
[29, 58, 62] (0.9615384615384616 25)
[44, 52, 58] (1.0 26)
[34, 52, 62] (0.9615384615384616 25)
[5, 40, 52] (0.9230769230769231 24)
[46, 52, 62] (0.9230769230769231 24)
[34, 36, 48] (0.9230769230769231 24)
[7, 52, 60] (0.9230769230769231 24)
[29, 56, 58] (0.9230769230769231 24)
[5, 46, 58] (0.9230769230769231 24)
[34, 52, 56] (0.9230769230769231 24)
[29, 44, 48] (0.9230769230769231 24)
[34, 58, 66] (0.9615384615384616 25)
[34, 46, 58] (0.9615384615384616 25)
[40, 52, 62] (0.9230769230769231 24)
[29, 52, 58] (1.0 26)
[29, 58, 60] (0.9615384615384616 25)
[5, 34, 66] (0.9230769230769231 24)
[44, 52, 56] (0.9230769230769231 24)
[7, 46, 52] (0.9230769230769231 24)
[34, 52, 60] (0.9615384615384616 25)
[29, 36, 44] (0.9230769230769231 24)
[5, 44, 58] (0.9615384615384616 25)
[7, 58, 60] (0.9230769230769231 24)
[40, 44, 66] (0.9230769230769231 24)
[29, 34, 66] (0.9615384615384616 25)
[44, 46, 58] (0.9615384615384616 25)
[58, 62, 66] (0.9230769230769231 24)
[7, 44, 52] (0.9615384615384616 25)
[44, 60, 62] (0.9230769230769231 24)
[40, 46, 58] (0.9230769230769231 24)
[29, 34, 56] (0.9230769230769231 24)
[29, 48, 58] (0.9230769230769231 24)
[44, 62, 66] (0.9230769230769231 24)
[29, 52, 56] (0.9230769230769231 24)
[29, 52, 66] (0.9615384615384616 25)
[29, 44, 66] (0.9615384615384616 25)
[29, 34, 46] (0.9615384615384616 25)
[34, 46, 52] (0.9615384615384616 25)
[5, 52, 60] (0.9230769230769231 24)
[34, 58, 60] (0.9615384615384616 25)
[34, 44, 56] (0.9230769230769231 24)
[29, 46, 52] (0.9615384615384616 25)
[40, 44, 64] (0.9230769230769231 24)
[36, 44, 58] (0.9230769230769231 24)
[29, 46, 66] (0.9230769230769231 24)
[29, 40, 60] (0.9230769230769231 24)
[29, 34, 64] (0.9230769230769231 24)
[29, 34, 58] (1.0 26)
[29, 36, 48] (0.9230769230769231 24)
[29, 36, 58] (0.9230769230769231 24)
[29, 34, 44] (1.0 26)
[7, 40, 58] (0.9230769230769231 24)
[5, 34, 58] (0.9615384615384616 25)
[5, 52, 62] (0.9230769230769231 24)
[34, 58, 62] (0.9615384615384616 25)
[40, 44, 52] (0.9615384615384616 25)
[34, 48, 52] (0.9230769230769231 24)
[44, 58, 66] (0.9615384615384616 25)
[5, 58, 66] (0.9230769230769231 24)
[40, 44, 62] (0.9230769230769231 24)
[29, 44, 56] (0.9230769230769231 24)
[46, 58, 66] (0.9230769230769231 24)
[44, 60, 66] (0.9615384615384616 25)
[7, 44, 46] (0.9230769230769231 24)
[46, 52, 58] (0.9615384615384616 25)
[5, 34, 46] (0.9230769230769231 24)
[29, 40, 62] (0.9230769230769231 24)
[29, 44, 62] (0.9615384615384616 25)
[7, 44, 66] (0.9230769230769231 24)
[29, 52, 62] (0.9615384615384616 25)
[29, 34, 52] (1.0 26)
[5, 60, 66] (0.9230769230769231 24)
[29, 46, 62] (0.9230769230769231 24)
[40, 44, 60] (0.9230769230769231 24)
[5, 58, 60] (0.9230769230769231 24)
[34, 44, 52] (1.0 26)
[36, 44, 48] (0.9230769230769231 24)
[29, 40, 64] (0.9230769230769231 24)
[7, 58, 62] (0.9230769230769231 24)
[5, 34, 44] (0.9615384615384616 25)
[7, 44, 58] (0.9615384615384616 25)
[29, 34, 40] (0.9615384615384616 25)
[44, 48, 58] (0.9230769230769231 24)
[29, 44, 64] (0.9230769230769231 24)
[29, 52, 64] (0.9230769230769231 24)
[48, 52, 58] (0.9230769230769231 24)
[7, 52, 58] (0.9615384615384616 25)
[5, 58, 62] (0.9230769230769231 24)
[29, 44, 52] (1.0 26)
[29, 46, 60] (0.9230769230769231 24)
[29, 62, 66] (0.9230769230769231 24)
[29, 60, 62] (0.9230769230769231 24)
[7, 34, 58] (0.9615384615384616 25)
[40, 44, 46] (0.9230769230769231 24)
[7, 44, 62] (0.9230769230769231 24)
[5, 29, 58] (0.9615384615384616 25)
[7, 34, 44] (0.9615384615384616 25)
[34, 40, 62] (0.9230769230769231 24)
[46, 58, 62] (0.9230769230769231 24)
[29, 40, 66] (0.9230769230769231 24)
[40, 58, 66] (0.9230769230769231 24)
[5, 7, 44] (0.9230769230769231 24)
[44, 58, 60] (0.9615384615384616 25)
[34, 40, 64] (0.9230769230769231 24)
[34, 46, 62] (0.9230769230769231 24)
[34, 48, 58] (0.9230769230769231 24)
[29, 44, 60] (0.9615384615384616 25)
[29, 52, 60] (0.9615384615384616 25)
[7, 44, 60] (0.9230769230769231 24)
[7, 29, 60] (0.9230769230769231 24)
[46, 58, 60] (0.9230769230769231 24)
[5, 7, 58] (0.9230769230769231 24)
[34, 40, 60] (0.9230769230769231 24)
[44, 46, 62] (0.9230769230769231 24)
[36, 48, 58] (0.9230769230769231 24)
[44, 46, 52] (0.9615384615384616 25)
[7, 29, 40] (0.9230769230769231 24)
[7, 58, 66] (0.9230769230769231 24)
[58, 60, 62] (0.9230769230769231 24)
[34, 46, 60] (0.9230769230769231 24)
[5, 29, 34] (0.9615384615384616 25)
[7, 29, 52] (0.9615384615384616 25)
[29, 60, 66] (0.9615384615384616 25)
[7, 29, 62] (0.9230769230769231 24)
[5, 29, 44] (0.9615384615384616 25)
[5, 52, 66] (0.9230769230769231 24)
[40, 58, 60] (0.9230769230769231 24)
[36, 48, 52] (0.9230769230769231 24)
[44, 58, 64] (0.9230769230769231 24)
[34, 44, 46] (0.9615384615384616 25)
[58, 60, 66] (0.9615384615384616 25)
[40, 58, 62] (0.9230769230769231 24)
[34, 46, 66] (0.9230769230769231 24)
[5, 7, 34] (0.9230769230769231 24)
[7, 34, 66] (0.9230769230769231 24)
[5, 29, 46] (0.9230769230769231 24)
[40, 44, 58] (0.9615384615384616 25)
[7, 34, 46] (0.9230769230769231 24)
[44, 46, 66] (0.9230769230769231 24)
[29, 34, 48] (0.9230769230769231 24)
[34, 44, 58] (1.0 26)
[44, 58, 62] (0.9615384615384616 25)
[52, 60, 62] (0.9230769230769231 24)
[5, 7, 52] (0.9230769230769231 24)
[7, 40, 44] (0.9230769230769231 24)
[40, 58, 64] (0.9230769230769231 24)
[36, 44, 52] (0.9230769230769231 24)
[34, 44, 48] (0.9230769230769231 24)
[29, 46, 58] (0.9615384615384616 25)
[7, 40, 52] (0.9230769230769231 24)
[7, 29, 40, 52] (0.9230769230769231 24)
[29, 44, 46, 52] (0.9615384615384616 25)
[7, 52, 60, 66] (0.9230769230769231 24)
[36, 48, 52, 58] (0.9230769230769231 24)
[7, 58, 60, 66] (0.9230769230769231 24)
[5, 52, 58, 66] (0.9230769230769231 24)
[40, 52, 58, 60] (0.9230769230769231 24)
[5, 29, 34, 40] (0.9230769230769231 24)
[34, 40, 52, 60] (0.9230769230769231 24)
[7, 44, 58, 60] (0.9230769230769231 24)
[5, 29, 44, 66] (0.9230769230769231 24)
[58, 60, 62, 66] (0.9230769230769231 24)
[5, 29, 34, 66] (0.9230769230769231 24)
[40, 52, 58, 62] (0.9230769230769231 24)
[5, 7, 34, 44] (0.9230769230769231 24)
[34, 40, 52, 62] (0.9230769230769231 24)
[7, 34, 40, 58] (0.9230769230769231 24)
[7, 44, 58, 62] (0.9230769230769231 24)
[7, 34, 52, 58] (0.9615384615384616 25)
[7, 44, 52, 66] (0.9230769230769231 24)
[29, 40, 52, 58] (0.9615384615384616 25)
[29, 36, 44, 48] (0.9230769230769231 24)
[5, 29, 34, 44] (0.9615384615384616 25)
[29, 34, 46, 60] (0.9230769230769231 24)
[5, 34, 40, 44] (0.9230769230769231 24)
[29, 34, 52, 56] (0.9230769230769231 24)
[7, 29, 44, 46] (0.9230769230769231 24)
[5, 29, 44, 62] (0.9230769230769231 24)
[7, 29, 44, 66] (0.9230769230769231 24)
[34, 40, 52, 64] (0.9230769230769231 24)
[34, 46, 52, 60] (0.9230769230769231 24)
[5, 7, 44, 58] (0.9230769230769231 24)
[34, 40, 44, 52] (0.9615384615384616 25)
[5, 34, 52, 58] (0.9615384615384616 25)
[44, 46, 60, 66] (0.9230769230769231 24)
[29, 34, 52, 58] (1.0 26)
[29, 40, 44, 58] (0.9615384615384616 25)
[7, 44, 58, 66] (0.9230769230769231 24)
[5, 29, 44, 60] (0.9230769230769231 24)
[5, 29, 34, 62] (0.9230769230769231 24)
[34, 40, 52, 66] (0.9230769230769231 24)
[29, 44, 46, 58] (0.9615384615384616 25)
[34, 58, 60, 66] (0.9615384615384616 25)
[29, 58, 62, 66] (0.9230769230769231 24)
[52, 58, 60, 62] (0.9230769230769231 24)
[7, 29, 44, 62] (0.9230769230769231 24)
[40, 44, 52, 58] (0.9615384615384616 25)
[7, 44, 46, 52] (0.9230769230769231 24)
[29, 44, 60, 66] (0.9615384615384616 25)
[29, 34, 40, 62] (0.9230769230769231 24)
[40, 52, 60, 66] (0.9230769230769231 24)
[7, 29, 34, 40] (0.9230769230769231 24)
[34, 60, 62, 66] (0.9230769230769231 24)
[5, 44, 52, 60] (0.9230769230769231 24)
[7, 44, 52, 60] (0.9230769230769231 24)
[7, 29, 34, 60] (0.9230769230769231 24)
[5, 29, 34, 46] (0.9230769230769231 24)
[29, 34, 40, 60] (0.9230769230769231 24)
[44, 46, 52, 66] (0.9230769230769231 24)
[7, 29, 52, 58] (0.9615384615384616 25)
[34, 52, 60, 62] (0.9230769230769231 24)
[7, 29, 40, 58] (0.9230769230769231 24)
[5, 29, 40, 58] (0.9230769230769231 24)
[5, 44, 52, 58] (0.9615384615384616 25)
[5, 44, 52, 62] (0.9230769230769231 24)
[7, 29, 34, 62] (0.9230769230769231 24)
[34, 44, 56, 58] (0.9230769230769231 24)
[34, 44, 46, 58] (0.9615384615384616 25)
[34, 58, 60, 62] (0.9230769230769231 24)
[29, 34, 40, 66] (0.9230769230769231 24)
[52, 58, 60, 66] (0.9615384615384616 25)
[29, 46, 52, 60] (0.9230769230769231 24)
[34, 44, 52, 62] (0.9615384615384616 25)
[44, 46, 52, 60] (0.9230769230769231 24)
[29, 36, 48, 58] (0.9230769230769231 24)
[5, 29, 40, 52] (0.9230769230769231 24)
[40, 44, 52, 66] (0.9230769230769231 24)
[34, 52, 58, 60] (0.9615384615384616 25)
[7, 29, 34, 66] (0.9230769230769231 24)
[29, 52, 62, 66] (0.9230769230769231 24)
[29, 34, 36, 48] (0.9230769230769231 24)
[29, 34, 40, 64] (0.9230769230769231 24)
[7, 29, 44, 60] (0.9230769230769231 24)
[7, 44, 46, 58] (0.9230769230769231 24)
[29, 46, 52, 62] (0.9230769230769231 24)
[7, 44, 52, 62] (0.9230769230769231 24)
[34, 44, 52, 60] (0.9615384615384616 25)
[44, 46, 52, 62] (0.9230769230769231 24)
[5, 44, 52, 66] (0.9230769230769231 24)
[34, 52, 60, 66] (0.9615384615384616 25)
[5, 7, 52, 58] (0.9230769230769231 24)
[29, 34, 44, 60] (0.9615384615384616 25)
[34, 52, 56, 58] (0.9230769230769231 24)
[29, 40, 44, 60] (0.9230769230769231 24)
[40, 44, 58, 66] (0.9230769230769231 24)
[29, 34, 36, 58] (0.9230769230769231 24)
[5, 29, 58, 60] (0.9230769230769231 24)
[40, 58, 60, 66] (0.9230769230769231 24)
[34, 44, 46, 66] (0.9230769230769231 24)
[34, 36, 44, 48] (0.9230769230769231 24)
[29, 46, 58, 66] (0.9230769230769231 24)
[40, 44, 52, 62] (0.9230769230769231 24)
[29, 34, 44, 62] (0.9615384615384616 25)
[40, 44, 58, 64] (0.9230769230769231 24)
[34, 36, 52, 58] (0.9230769230769231 24)
[40, 44, 52, 64] (0.9230769230769231 24)
[40, 44, 46, 58] (0.9230769230769231 24)
[7, 34, 46, 52] (0.9230769230769231 24)
[34, 36, 48, 52] (0.9230769230769231 24)
[52, 60, 62, 66] (0.9230769230769231 24)
[5, 34, 44, 46] (0.9230769230769231 24)
[7, 29, 34, 58] (0.9615384615384616 25)
[40, 44, 58, 62] (0.9230769230769231 24)
[34, 44, 52, 58] (1.0 26)
[40, 44, 46, 52] (0.9230769230769231 24)
[34, 48, 52, 58] (0.9230769230769231 24)
[34, 44, 46, 62] (0.9230769230769231 24)
[5, 34, 44, 66] (0.9230769230769231 24)
[52, 58, 62, 66] (0.9230769230769231 24)
[34, 36, 48, 58] (0.9230769230769231 24)
[29, 36, 48, 52] (0.9230769230769231 24)
[44, 52, 60, 62] (0.9230769230769231 24)
[29, 46, 52, 58] (0.9615384615384616 25)
[36, 44, 48, 52] (0.9230769230769231 24)
[40, 44, 58, 60] (0.9230769230769231 24)
[7, 34, 46, 58] (0.9230769230769231 24)
[34, 44, 52, 56] (0.9230769230769231 24)
[34, 44, 62, 66] (0.9230769230769231 24)
[34, 44, 58, 66] (0.9615384615384616 25)
[29, 34, 36, 52] (0.9230769230769231 24)
[40, 44, 52, 60] (0.9230769230769231 24)
[29, 46, 60, 66] (0.9230769230769231 24)
[5, 29, 52, 58] (0.9615384615384616 25)
[5, 7, 29, 34] (0.9230769230769231 24)
[29, 36, 52, 58] (0.9230769230769231 24)
[34, 40, 44, 58] (0.9615384615384616 25)
[5, 34, 44, 62] (0.9230769230769231 24)
[34, 46, 52, 62] (0.9230769230769231 24)
[5, 29, 58, 66] (0.9230769230769231 24)
[34, 40, 52, 58] (0.9615384615384616 25)
[44, 46, 58, 62] (0.9230769230769231 24)
[44, 52, 60, 66] (0.9615384615384616 25)
[29, 40, 44, 66] (0.9230769230769231 24)
[5, 52, 58, 60] (0.9230769230769231 24)
[29, 34, 46, 62] (0.9230769230769231 24)
[7, 34, 44, 66] (0.9230769230769231 24)
[34, 44, 46, 60] (0.9230769230769231 24)
[7, 34, 44, 46] (0.9230769230769231 24)
[7, 34, 40, 52] (0.9230769230769231 24)
[5, 7, 29, 58] (0.9230769230769231 24)
[40, 46, 52, 58] (0.9230769230769231 24)
[29, 40, 44, 64] (0.9230769230769231 24)
[29, 34, 44, 64] (0.9230769230769231 24)
[34, 52, 62, 66] (0.9230769230769231 24)
[5, 52, 58, 62] (0.9230769230769231 24)
[5, 29, 44, 58] (0.9615384615384616 25)
[29, 34, 40, 44] (0.9615384615384616 25)
[29, 36, 44, 52] (0.9230769230769231 24)
[29, 34, 48, 52] (0.9230769230769231 24)
[44, 46, 58, 66] (0.9230769230769231 24)
[34, 46, 52, 66] (0.9230769230769231 24)
[29, 48, 52, 58] (0.9230769230769231 24)
[29, 34, 46, 66] (0.9230769230769231 24)
[29, 40, 44, 62] (0.9230769230769231 24)
[34, 40, 60, 66] (0.9230769230769231 24)
[5, 34, 44, 60] (0.9230769230769231 24)
[29, 34, 44, 66] (0.9615384615384616 25)
[29, 34, 62, 66] (0.9230769230769231 24)
[36, 44, 52, 58] (0.9230769230769231 24)
[5, 29, 58, 62] (0.9230769230769231 24)
[29, 34, 40, 46] (0.9230769230769231 24)
[34, 46, 60, 66] (0.9230769230769231 24)
[5, 7, 34, 52] (0.9230769230769231 24)
[7, 29, 52, 62] (0.9230769230769231 24)
[7, 34, 44, 62] (0.9230769230769231 24)
[34, 40, 58, 64] (0.9230769230769231 24)
[34, 40, 44, 60] (0.9230769230769231 24)
[5, 34, 52, 66] (0.9230769230769231 24)
[5, 29, 60, 66] (0.9230769230769231 24)
[44, 46, 52, 58] (0.9615384615384616 25)
[29, 34, 52, 66] (0.9615384615384616 25)
[29, 52, 60, 66] (0.9615384615384616 25)
[5, 7, 29, 52] (0.9230769230769231 24)
[5, 52, 60, 66] (0.9230769230769231 24)
[7, 46, 52, 58] (0.9230769230769231 24)
[5, 29, 44, 52] (0.9615384615384616 25)
[46, 52, 58, 60] (0.9230769230769231 24)
[7, 52, 58, 66] (0.9230769230769231 24)
[34, 40, 58, 62] (0.9230769230769231 24)
[7, 34, 44, 60] (0.9230769230769231 24)
[34, 40, 44, 62] (0.9230769230769231 24)
[29, 34, 58, 60] (0.9615384615384616 25)
[29, 34, 52, 64] (0.9230769230769231 24)
[5, 34, 40, 52] (0.9230769230769231 24)
[34, 44, 58, 60] (0.9615384615384616 25)
[29, 40, 60, 66] (0.9230769230769231 24)
[29, 34, 48, 58] (0.9230769230769231 24)
[29, 36, 44, 58] (0.9230769230769231 24)
[29, 34, 58, 62] (0.9615384615384616 25)
[29, 60, 62, 66] (0.9230769230769231 24)
[34, 40, 44, 64] (0.9230769230769231 24)
[34, 44, 58, 62] (0.9615384615384616 25)
[29, 52, 60, 62] (0.9230769230769231 24)
[29, 44, 46, 66] (0.9230769230769231 24)
[7, 44, 52, 58] (0.9615384615384616 25)
[40, 44, 60, 66] (0.9230769230769231 24)
[7, 34, 52, 60] (0.9230769230769231 24)
[7, 29, 40, 44] (0.9230769230769231 24)
[34, 44, 60, 66] (0.9615384615384616 25)
[5, 7, 34, 58] (0.9230769230769231 24)
[44, 52, 62, 66] (0.9230769230769231 24)
[34, 40, 58, 66] (0.9230769230769231 24)
[7, 29, 52, 60] (0.9230769230769231 24)
[34, 46, 58, 66] (0.9230769230769231 24)
[29, 34, 58, 64] (0.9230769230769231 24)
[34, 40, 44, 66] (0.9230769230769231 24)
[7, 29, 44, 58] (0.9615384615384616 25)
[34, 44, 58, 64] (0.9230769230769231 24)
[46, 52, 58, 62] (0.9230769230769231 24)
[44, 46, 58, 60] (0.9230769230769231 24)
[5, 29, 34, 52] (0.9615384615384616 25)
[29, 52, 56, 58] (0.9230769230769231 24)
[29, 34, 44, 48] (0.9230769230769231 24)
[7, 34, 52, 62] (0.9230769230769231 24)
[34, 52, 58, 66] (0.9615384615384616 25)
[29, 44, 46, 62] (0.9230769230769231 24)
[29, 34, 58, 66] (0.9615384615384616 25)
[29, 40, 44, 46] (0.9230769230769231 24)
[44, 58, 60, 66] (0.9615384615384616 25)
[36, 44, 48, 58] (0.9230769230769231 24)
[29, 44, 58, 64] (0.9230769230769231 24)
[29, 52, 58, 62] (0.9615384615384616 25)
[29, 44, 52, 60] (0.9615384615384616 25)
[29, 44, 52, 56] (0.9230769230769231 24)
[5, 34, 40, 58] (0.9230769230769231 24)
[34, 44, 46, 52] (0.9615384615384616 25)
[7, 34, 58, 62] (0.9230769230769231 24)
[29, 44, 46, 60] (0.9230769230769231 24)
[5, 34, 52, 60] (0.9230769230769231 24)
[5, 46, 52, 58] (0.9230769230769231 24)
[5, 29, 52, 66] (0.9230769230769231 24)
[29, 46, 58, 62] (0.9230769230769231 24)
[29, 52, 58, 60] (0.9615384615384616 25)
[29, 44, 58, 66] (0.9615384615384616 25)
[44, 48, 52, 58] (0.9230769230769231 24)
[34, 52, 58, 62] (0.9615384615384616 25)
[5, 34, 52, 62] (0.9230769230769231 24)
[7, 34, 58, 60] (0.9230769230769231 24)
[5, 29, 52, 60] (0.9230769230769231 24)
[7, 29, 44, 52] (0.9615384615384616 25)
[7, 52, 58, 60] (0.9230769230769231 24)
[34, 40, 58, 60] (0.9230769230769231 24)
[5, 29, 34, 58] (0.9615384615384616 25)
[46, 52, 60, 66] (0.9230769230769231 24)
[29, 44, 58, 60] (0.9615384615384616 25)
[44, 58, 60, 62] (0.9230769230769231 24)
[7, 29, 52, 66] (0.9230769230769231 24)
[29, 44, 52, 64] (0.9230769230769231 24)
[29, 46, 58, 60] (0.9230769230769231 24)
[29, 34, 52, 62] (0.9615384615384616 25)
[34, 36, 44, 52] (0.9230769230769231 24)
[5, 29, 52, 62] (0.9230769230769231 24)
[7, 34, 40, 44] (0.9230769230769231 24)
[34, 52, 58, 64] (0.9230769230769231 24)
[29, 44, 58, 62] (0.9615384615384616 25)
[7, 52, 58, 62] (0.9230769230769231 24)
[29, 44, 52, 58] (1.0 26)
[29, 44, 52, 62] (0.9615384615384616 25)
[7, 29, 34, 52] (0.9615384615384616 25)
[29, 34, 52, 60] (0.9615384615384616 25)
[29, 40, 46, 52] (0.9230769230769231 24)
[29, 34, 46, 58] (0.9615384615384616 25)
[34, 46, 52, 58] (0.9615384615384616 25)
[34, 44, 52, 64] (0.9230769230769231 24)
[5, 40, 44, 52] (0.9230769230769231 24)
[7, 34, 60, 66] (0.9230769230769231 24)
[29, 34, 36, 44] (0.9230769230769231 24)
[7, 29, 46, 52] (0.9230769230769231 24)
[29, 46, 52, 66] (0.9230769230769231 24)
[5, 29, 46, 58] (0.9230769230769231 24)
[29, 40, 52, 60] (0.9230769230769231 24)
[7, 29, 34, 46] (0.9230769230769231 24)
[44, 52, 58, 66] (0.9615384615384616 25)
[34, 36, 44, 58] (0.9230769230769231 24)
[7, 29, 58, 60] (0.9230769230769231 24)
[5, 34, 58, 66] (0.9230769230769231 24)
[5, 44, 58, 62] (0.9230769230769231 24)
[7, 29, 58, 62] (0.9230769230769231 24)
[29, 44, 52, 66] (0.9615384615384616 25)
[34, 44, 52, 66] (0.9615384615384616 25)
[29, 40, 44, 52] (0.9615384615384616 25)
[5, 34, 46, 58] (0.9230769230769231 24)
[7, 40, 44, 58] (0.9230769230769231 24)
[29, 34, 40, 52] (0.9615384615384616 25)
[7, 29, 34, 44] (0.9615384615384616 25)
[44, 52, 58, 64] (0.9230769230769231 24)
[5, 34, 44, 58] (0.9615384615384616 25)
[29, 34, 56, 58] (0.9230769230769231 24)
[5, 29, 40, 44] (0.9230769230769231 24)
[29, 40, 58, 66] (0.9230769230769231 24)
[29, 44, 62, 66] (0.9230769230769231 24)
[29, 52, 58, 66] (0.9615384615384616 25)
[5, 34, 46, 52] (0.9230769230769231 24)
[5, 34, 58, 62] (0.9230769230769231 24)
[44, 52, 58, 62] (0.9615384615384616 25)
[5, 44, 58, 66] (0.9230769230769231 24)
[7, 29, 58, 66] (0.9230769230769231 24)
[29, 44, 56, 58] (0.9230769230769231 24)
[29, 34, 60, 66] (0.9615384615384616 25)
[29, 58, 60, 66] (0.9615384615384616 25)
[29, 52, 58, 64] (0.9230769230769231 24)
[5, 44, 46, 52] (0.9230769230769231 24)
[29, 40, 58, 64] (0.9230769230769231 24)
[5, 40, 44, 58] (0.9230769230769231 24)
[7, 29, 46, 58] (0.9230769230769231 24)
[29, 44, 60, 62] (0.9230769230769231 24)
[34, 44, 48, 58] (0.9230769230769231 24)
[29, 44, 48, 52] (0.9230769230769231 24)
[7, 34, 58, 66] (0.9230769230769231 24)
[5, 34, 58, 60] (0.9230769230769231 24)
[5, 34, 60, 66] (0.9230769230769231 24)
[44, 52, 58, 60] (0.9615384615384616 25)
[34, 40, 46, 58] (0.9230769230769231 24)
[29, 34, 44, 46] (0.9615384615384616 25)
[29, 40, 58, 62] (0.9230769230769231 24)
[5, 58, 60, 66] (0.9230769230769231 24)
[29, 34, 44, 58] (1.0 26)
[5, 34, 44, 52] (0.9615384615384616 25)
[7, 34, 44, 58] (0.9615384615384616 25)
[34, 46, 58, 60] (0.9230769230769231 24)
[34, 58, 62, 66] (0.9230769230769231 24)
[7, 40, 44, 52] (0.9230769230769231 24)
[5, 29, 34, 60] (0.9230769230769231 24)
[5, 29, 46, 52] (0.9230769230769231 24)
[29, 40, 58, 60] (0.9230769230769231 24)
[46, 52, 58, 66] (0.9230769230769231 24)
[5, 44, 60, 66] (0.9230769230769231 24)
[29, 34, 60, 62] (0.9230769230769231 24)
[29, 58, 60, 62] (0.9230769230769231 24)
[7, 34, 52, 66] (0.9230769230769231 24)
[34, 44, 48, 52] (0.9230769230769231 24)
[29, 34, 46, 52] (0.9615384615384616 25)
[7, 40, 52, 58] (0.9230769230769231 24)
[29, 34, 44, 56] (0.9230769230769231 24)
[44, 60, 62, 66] (0.9230769230769231 24)
[7, 44, 60, 66] (0.9230769230769231 24)
[44, 58, 62, 66] (0.9230769230769231 24)
[29, 40, 52, 66] (0.9230769230769231 24)
[34, 46, 58, 62] (0.9230769230769231 24)
[34, 44, 60, 62] (0.9230769230769231 24)
[5, 44, 46, 58] (0.9230769230769231 24)
[29, 34, 40, 58] (0.9615384615384616 25)
[44, 52, 56, 58] (0.9230769230769231 24)
[5, 44, 58, 60] (0.9230769230769231 24)
[5, 7, 29, 44] (0.9230769230769231 24)
[34, 40, 46, 52] (0.9230769230769231 24)
[29, 40, 52, 64] (0.9230769230769231 24)
[40, 52, 58, 66] (0.9230769230769231 24)
[5, 40, 52, 58] (0.9230769230769231 24)
[29, 44, 48, 58] (0.9230769230769231 24)
[46, 58, 60, 66] (0.9230769230769231 24)
[29, 34, 44, 52] (1.0 26)
[29, 40, 46, 58] (0.9230769230769231 24)
[5, 29, 44, 46] (0.9230769230769231 24)
[40, 52, 58, 64] (0.9230769230769231 24)
[7, 29, 60, 66] (0.9230769230769231 24)
[29, 40, 52, 62] (0.9230769230769231 24)
[5, 7, 44, 52] (0.9230769230769231 24)
[7, 34, 44, 52] (0.9615384615384616 25)
[34, 40, 44, 46] (0.9230769230769231 24)
[34, 46, 52, 58, 62] (0.9230769230769231 24)
[5, 7, 29, 34, 44] (0.9230769230769231 24)
[34, 44, 46, 52, 60] (0.9230769230769231 24)
[29, 44, 52, 58, 60] (0.9615384615384616 25)
[7, 34, 46, 52, 58] (0.9230769230769231 24)
[7, 52, 58, 60, 66] (0.9230769230769231 24)
[36, 44, 48, 52, 58] (0.9230769230769231 24)
[34, 40, 52, 58, 62] (0.9230769230769231 24)
[34, 46, 52, 58, 60] (0.9230769230769231 24)
[29, 34, 44, 46, 52] (0.9615384615384616 25)
[5, 29, 34, 60, 66] (0.9230769230769231 24)
[29, 34, 52, 62, 66] (0.9230769230769231 24)
[7, 29, 34, 52, 66] (0.9230769230769231 24)
[34, 40, 52, 58, 64] (0.9230769230769231 24)
[29, 44, 52, 58, 62] (0.9615384615384616 25)
[5, 29, 52, 58, 62] (0.9230769230769231 24)
[7, 29, 40, 44, 52] (0.9230769230769231 24)
[7, 29, 34, 40, 52] (0.9230769230769231 24)
[29, 52, 58, 62, 66] (0.9230769230769231 24)
[5, 29, 34, 40, 52] (0.9230769230769231 24)
[34, 44, 58, 60, 62] (0.9230769230769231 24)
[7, 29, 44, 52, 66] (0.9230769230769231 24)
[5, 34, 44, 60, 66] (0.9230769230769231 24)
[29, 34, 36, 44, 48] (0.9230769230769231 24)
[29, 34, 44, 52, 66] (0.9615384615384616 25)
[29, 40, 52, 58, 64] (0.9230769230769231 24)
[29, 44, 46, 58, 60] (0.9230769230769231 24)
[5, 29, 44, 60, 66] (0.9230769230769231 24)
[5, 29, 52, 58, 60] (0.9230769230769231 24)
[5, 44, 46, 52, 58] (0.9230769230769231 24)
[29, 34, 46, 60, 66] (0.9230769230769231 24)
[29, 44, 52, 58, 64] (0.9230769230769231 24)
[34, 40, 52, 58, 66] (0.9230769230769231 24)
[29, 44, 60, 62, 66] (0.9230769230769231 24)
[44, 52, 58, 62, 66] (0.9230769230769231 24)
[34, 44, 52, 60, 62] (0.9230769230769231 24)
[34, 44, 46, 52, 62] (0.9230769230769231 24)
[29, 34, 44, 52, 64] (0.9230769230769231 24)
[7, 29, 34, 58, 66] (0.9230769230769231 24)
[29, 40, 52, 58, 66] (0.9230769230769231 24)
[29, 44, 52, 58, 66] (0.9615384615384616 25)
[34, 44, 58, 60, 66] (0.9615384615384616 25)
[29, 34, 40, 52, 64] (0.9230769230769231 24)
[5, 29, 44, 52, 62] (0.9230769230769231 24)
[29, 46, 52, 58, 60] (0.9230769230769231 24)
[7, 29, 44, 58, 66] (0.9230769230769231 24)
[29, 34, 46, 58, 62] (0.9230769230769231 24)
[5, 34, 44, 58, 62] (0.9230769230769231 24)
[7, 29, 34, 40, 58] (0.9230769230769231 24)
[34, 58, 60, 62, 66] (0.9230769230769231 24)
[29, 34, 40, 52, 66] (0.9230769230769231 24)
[34, 52, 58, 60, 62] (0.9230769230769231 24)
[5, 29, 44, 52, 60] (0.9230769230769231 24)
[29, 34, 46, 58, 60] (0.9230769230769231 24)
[5, 34, 44, 58, 60] (0.9230769230769231 24)
[7, 29, 34, 58, 62] (0.9230769230769231 24)
[29, 40, 44, 52, 66] (0.9230769230769231 24)
[29, 34, 52, 58, 60] (0.9615384615384616 25)
[34, 46, 52, 58, 66] (0.9230769230769231 24)
[29, 40, 52, 60, 66] (0.9230769230769231 24)
[29, 34, 40, 52, 60] (0.9230769230769231 24)
[29, 34, 44, 60, 62] (0.9230769230769231 24)
[34, 46, 58, 60, 66] (0.9230769230769231 24)
[5, 34, 44, 58, 66] (0.9230769230769231 24)
[46, 52, 58, 60, 66] (0.9230769230769231 24)
[7, 29, 44, 58, 62] (0.9230769230769231 24)
[7, 29, 34, 52, 60] (0.9230769230769231 24)
[7, 29, 34, 58, 60] (0.9230769230769231 24)
[34, 40, 44, 52, 58] (0.9615384615384616 25)
[5, 29, 44, 52, 66] (0.9230769230769231 24)
[29, 34, 60, 62, 66] (0.9230769230769231 24)
[5, 29, 34, 40, 58] (0.9230769230769231 24)
[29, 34, 40, 52, 62] (0.9230769230769231 24)
[5, 34, 44, 52, 66] (0.9230769230769231 24)
[29, 34, 40, 44, 58] (0.9615384615384616 25)
[29, 46, 52, 58, 62] (0.9230769230769231 24)
[34, 40, 52, 58, 60] (0.9230769230769231 24)
[7, 29, 34, 52, 62] (0.9230769230769231 24)
[7, 29, 44, 58, 60] (0.9230769230769231 24)
[7, 34, 44, 60, 66] (0.9230769230769231 24)
[5, 29, 44, 52, 58] (0.9615384615384616 25)
[29, 40, 44, 52, 60] (0.9230769230769231 24)
[34, 40, 58, 60, 66] (0.9230769230769231 24)
[29, 40, 44, 58, 66] (0.9230769230769231 24)
[29, 52, 60, 62, 66] (0.9230769230769231 24)
[29, 34, 52, 58, 64] (0.9230769230769231 24)
[44, 52, 60, 62, 66] (0.9230769230769231 24)
[34, 44, 52, 58, 60] (0.9615384615384616 25)
[7, 29, 34, 60, 66] (0.9230769230769231 24)
[5, 29, 46, 52, 58] (0.9230769230769231 24)
[34, 44, 58, 62, 66] (0.9230769230769231 24)
[29, 34, 40, 44, 64] (0.9230769230769231 24)
[34, 40, 44, 58, 60] (0.9230769230769231 24)
[29, 40, 44, 58, 64] (0.9230769230769231 24)
[29, 34, 36, 52, 58] (0.9230769230769231 24)
[29, 34, 52, 58, 62] (0.9615384615384616 25)
[29, 34, 40, 44, 66] (0.9230769230769231 24)
[7, 29, 44, 46, 58] (0.9230769230769231 24)
[34, 46, 52, 60, 66] (0.9230769230769231 24)
[5, 34, 44, 52, 62] (0.9230769230769231 24)
[5, 34, 44, 46, 52] (0.9230769230769231 24)
[29, 40, 44, 52, 64] (0.9230769230769231 24)
[5, 7, 29, 52, 58] (0.9230769230769231 24)
[29, 40, 44, 58, 62] (0.9230769230769231 24)
[34, 40, 44, 58, 62] (0.9230769230769231 24)
[44, 46, 52, 60, 66] (0.9230769230769231 24)
[29, 44, 46, 52, 58] (0.9615384615384616 25)
[29, 34, 44, 48, 52] (0.9230769230769231 24)
[5, 34, 44, 52, 60] (0.9230769230769231 24)
[5, 34, 44, 46, 58] (0.9230769230769231 24)
[7, 29, 44, 46, 52] (0.9230769230769231 24)
[34, 44, 52, 58, 64] (0.9230769230769231 24)
[7, 34, 40, 44, 58] (0.9230769230769231 24)
[29, 34, 40, 44, 60] (0.9230769230769231 24)
[7, 29, 34, 44, 60] (0.9230769230769231 24)
[29, 46, 52, 60, 66] (0.9230769230769231 24)
[29, 40, 44, 58, 60] (0.9230769230769231 24)
[34, 40, 44, 58, 64] (0.9230769230769231 24)
[29, 34, 40, 46, 52] (0.9230769230769231 24)
[29, 40, 44, 52, 62] (0.9230769230769231 24)
[29, 34, 52, 56, 58] (0.9230769230769231 24)
[5, 29, 34, 44, 58] (0.9615384615384616 25)
[7, 29, 44, 60, 66] (0.9230769230769231 24)
[5, 29, 44, 46, 52] (0.9230769230769231 24)
[34, 44, 52, 58, 62] (0.9615384615384616 25)
[34, 44, 48, 52, 58] (0.9230769230769231 24)
[5, 34, 46, 52, 58] (0.9230769230769231 24)
[29, 34, 52, 58, 66] (0.9615384615384616 25)
[29, 34, 40, 44, 62] (0.9230769230769231 24)
[7, 29, 34, 44, 62] (0.9230769230769231 24)
[29, 34, 44, 52, 62] (0.9615384615384616 25)
[29, 34, 46, 52, 66] (0.9230769230769231 24)
[7, 29, 40, 44, 58] (0.9230769230769231 24)
[29, 40, 52, 58, 60] (0.9230769230769231 24)
[34, 40, 44, 58, 66] (0.9230769230769231 24)
[34, 44, 60, 62, 66] (0.9230769230769231 24)
[5, 7, 44, 52, 58] (0.9230769230769231 24)
[29, 34, 44, 46, 58] (0.9615384615384616 25)
[5, 44, 52, 58, 66] (0.9230769230769231 24)
[29, 36, 44, 52, 58] (0.9230769230769231 24)
[7, 44, 52, 58, 60] (0.9230769230769231 24)
[29, 34, 44, 52, 60] (0.9615384615384616 25)
[29, 44, 46, 58, 62] (0.9230769230769231 24)
[29, 34, 44, 48, 58] (0.9230769230769231 24)
[29, 40, 52, 58, 62] (0.9230769230769231 24)
[34, 44, 46, 52, 66] (0.9230769230769231 24)
[34, 44, 52, 60, 66] (0.9615384615384616 25)
[7, 29, 40, 52, 58] (0.9230769230769231 24)
[7, 29, 34, 44, 66] (0.9230769230769231 24)
[7, 29, 34, 44, 46] (0.9230769230769231 24)
[7, 44, 52, 58, 62] (0.9230769230769231 24)
[5, 29, 34, 44, 52] (0.9615384615384616 25)
[29, 34, 46, 52, 62] (0.9230769230769231 24)
[29, 40, 44, 60, 66] (0.9230769230769231 24)
[29, 34, 40, 46, 58] (0.9230769230769231 24)
[5, 44, 52, 58, 62] (0.9230769230769231 24)
[29, 34, 36, 44, 52] (0.9230769230769231 24)
[29, 44, 52, 62, 66] (0.9230769230769231 24)
[29, 34, 40, 60, 66] (0.9230769230769231 24)
[7, 29, 58, 60, 66] (0.9230769230769231 24)
[5, 34, 58, 60, 66] (0.9230769230769231 24)
[5, 29, 44, 46, 58] (0.9230769230769231 24)
[29, 44, 46, 58, 66] (0.9230769230769231 24)
[5, 7, 29, 44, 52] (0.9230769230769231 24)
[5, 29, 34, 52, 58] (0.9615384615384616 25)
[7, 34, 44, 52, 58] (0.9615384615384616 25)
[34, 40, 52, 60, 66] (0.9230769230769231 24)
[7, 44, 52, 58, 66] (0.9230769230769231 24)
[34, 44, 46, 60, 66] (0.9230769230769231 24)
[5, 34, 52, 58, 62] (0.9230769230769231 24)
[7, 44, 58, 60, 66] (0.9230769230769231 24)
[5, 44, 58, 60, 66] (0.9230769230769231 24)
[40, 44, 46, 52, 58] (0.9230769230769231 24)
[29, 34, 44, 52, 56] (0.9230769230769231 24)
[29, 44, 52, 60, 62] (0.9230769230769231 24)
[7, 29, 34, 52, 58] (0.9615384615384616 25)
[29, 36, 48, 52, 58] (0.9230769230769231 24)
[29, 34, 36, 48, 52] (0.9230769230769231 24)
[34, 44, 52, 56, 58] (0.9230769230769231 24)
[44, 52, 58, 60, 62] (0.9230769230769231 24)
[5, 34, 52, 58, 60] (0.9230769230769231 24)
[7, 29, 44, 52, 58] (0.9615384615384616 25)
[5, 7, 29, 34, 52] (0.9230769230769231 24)
[5, 29, 34, 40, 44] (0.9230769230769231 24)
[7, 34, 44, 46, 52] (0.9230769230769231 24)
[29, 34, 44, 46, 62] (0.9230769230769231 24)
[29, 34, 44, 52, 58] (1.0 26)
[5, 34, 52, 60, 66] (0.9230769230769231 24)
[34, 44, 52, 62, 66] (0.9230769230769231 24)
[29, 34, 36, 44, 58] (0.9230769230769231 24)
[7, 34, 44, 52, 62] (0.9230769230769231 24)
[5, 7, 29, 34, 58] (0.9230769230769231 24)
[34, 52, 58, 62, 66] (0.9230769230769231 24)
[5, 34, 44, 52, 58] (0.9615384615384616 25)
[29, 34, 48, 52, 58] (0.9230769230769231 24)
[29, 34, 46, 52, 60] (0.9230769230769231 24)
[40, 44, 52, 58, 62] (0.9230769230769231 24)
[7, 40, 44, 52, 58] (0.9230769230769231 24)
[5, 34, 40, 44, 58] (0.9230769230769231 24)
[44, 52, 58, 60, 66] (0.9615384615384616 25)
[5, 7, 29, 44, 58] (0.9230769230769231 24)
[34, 36, 44, 52, 58] (0.9230769230769231 24)
[40, 44, 52, 60, 66] (0.9230769230769231 24)
[7, 34, 52, 60, 66] (0.9230769230769231 24)
[34, 40, 46, 52, 58] (0.9230769230769231 24)
[29, 34, 44, 46, 66] (0.9230769230769231 24)
[7, 34, 44, 52, 60] (0.9230769230769231 24)
[29, 44, 46, 60, 66] (0.9230769230769231 24)
[7, 29, 34, 46, 52] (0.9230769230769231 24)
[5, 40, 44, 52, 58] (0.9230769230769231 24)
[5, 52, 58, 60, 66] (0.9230769230769231 24)
[5, 7, 34, 52, 58] (0.9230769230769231 24)
[7, 29, 52, 60, 66] (0.9230769230769231 24)
[29, 34, 36, 48, 58] (0.9230769230769231 24)
[40, 44, 52, 58, 60] (0.9230769230769231 24)
[40, 44, 58, 60, 66] (0.9230769230769231 24)
[5, 29, 40, 52, 58] (0.9230769230769231 24)
[34, 52, 60, 62, 66] (0.9230769230769231 24)
[7, 34, 40, 52, 58] (0.9230769230769231 24)
[7, 34, 52, 58, 60] (0.9230769230769231 24)
[34, 44, 52, 58, 66] (0.9615384615384616 25)
[7, 34, 40, 44, 52] (0.9230769230769231 24)
[40, 44, 52, 58, 66] (0.9230769230769231 24)
[29, 40, 44, 52, 58] (0.9615384615384616 25)
[52, 58, 60, 62, 66] (0.9230769230769231 24)
[34, 36, 44, 48, 52] (0.9230769230769231 24)
[29, 34, 40, 52, 58] (0.9615384615384616 25)
[5, 29, 52, 60, 66] (0.9230769230769231 24)
[34, 52, 58, 60, 66] (0.9615384615384616 25)
[29, 46, 58, 60, 66] (0.9230769230769231 24)
[40, 44, 52, 58, 64] (0.9230769230769231 24)
[29, 34, 44, 46, 60] (0.9230769230769231 24)
[34, 36, 44, 48, 58] (0.9230769230769231 24)
[29, 34, 44, 58, 66] (0.9615384615384616 25)
[29, 34, 40, 44, 46] (0.9230769230769231 24)
[7, 34, 44, 58, 66] (0.9230769230769231 24)
[29, 44, 52, 60, 66] (0.9615384615384616 25)
[44, 46, 58, 60, 66] (0.9230769230769231 24)
[34, 40, 44, 60, 66] (0.9230769230769231 24)
[7, 29, 34, 46, 58] (0.9230769230769231 24)
[7, 29, 46, 52, 58] (0.9230769230769231 24)
[29, 34, 58, 62, 66] (0.9230769230769231 24)
[29, 36, 44, 48, 52] (0.9230769230769231 24)
[7, 29, 34, 40, 44] (0.9230769230769231 24)
[29, 40, 58, 60, 66] (0.9230769230769231 24)
[29, 34, 52, 60, 66] (0.9615384615384616 25)
[29, 34, 40, 58, 62] (0.9230769230769231 24)
[29, 44, 58, 60, 66] (0.9615384615384616 25)
[29, 44, 52, 56, 58] (0.9230769230769231 24)
[29, 44, 46, 52, 60] (0.9230769230769231 24)
[7, 34, 44, 58, 62] (0.9230769230769231 24)
[5, 29, 34, 58, 60] (0.9230769230769231 24)
[29, 34, 44, 58, 62] (0.9615384615384616 25)
[29, 34, 46, 52, 58] (0.9615384615384616 25)
[29, 34, 40, 58, 64] (0.9230769230769231 24)
[44, 46, 52, 58, 60] (0.9230769230769231 24)
[5, 29, 58, 60, 66] (0.9230769230769231 24)
[7, 34, 52, 58, 66] (0.9230769230769231 24)
[29, 52, 58, 60, 62] (0.9230769230769231 24)
[29, 44, 46, 52, 62] (0.9230769230769231 24)
[5, 29, 34, 52, 60] (0.9230769230769231 24)
[5, 29, 44, 58, 60] (0.9230769230769231 24)
[29, 40, 44, 46, 58] (0.9230769230769231 24)
[29, 34, 40, 44, 52] (0.9615384615384616 25)
[5, 29, 34, 58, 62] (0.9230769230769231 24)
[7, 29, 52, 58, 66] (0.9230769230769231 24)
[29, 34, 44, 58, 64] (0.9230769230769231 24)
[29, 46, 52, 58, 66] (0.9230769230769231 24)
[29, 44, 58, 60, 62] (0.9230769230769231 24)
[34, 40, 44, 52, 66] (0.9230769230769231 24)
[29, 34, 52, 60, 62] (0.9230769230769231 24)
[5, 29, 34, 44, 66] (0.9230769230769231 24)
[5, 29, 34, 44, 46] (0.9230769230769231 24)
[29, 34, 40, 58, 66] (0.9230769230769231 24)
[44, 46, 52, 58, 62] (0.9230769230769231 24)
[29, 40, 44, 46, 52] (0.9230769230769231 24)
[5, 29, 34, 52, 62] (0.9230769230769231 24)
[7, 44, 46, 52, 58] (0.9230769230769231 24)
[29, 36, 44, 48, 58] (0.9230769230769231 24)
[44, 58, 60, 62, 66] (0.9230769230769231 24)
[34, 40, 44, 52, 64] (0.9230769230769231 24)
[29, 34, 46, 58, 66] (0.9230769230769231 24)
[34, 40, 44, 46, 58] (0.9230769230769231 24)
[29, 52, 58, 60, 66] (0.9615384615384616 25)
[7, 34, 52, 58, 62] (0.9230769230769231 24)
[29, 34, 44, 58, 60] (0.9615384615384616 25)
[5, 29, 34, 58, 66] (0.9230769230769231 24)
[7, 34, 44, 58, 60] (0.9230769230769231 24)
[5, 7, 34, 44, 52] (0.9230769230769231 24)
[29, 34, 44, 62, 66] (0.9230769230769231 24)
[7, 34, 58, 60, 66] (0.9230769230769231 24)
[29, 44, 46, 52, 66] (0.9230769230769231 24)
[44, 46, 52, 58, 66] (0.9230769230769231 24)
[5, 44, 52, 60, 66] (0.9230769230769231 24)
[29, 34, 44, 56, 58] (0.9230769230769231 24)
[5, 29, 34, 44, 62] (0.9230769230769231 24)
[34, 40, 44, 52, 62] (0.9230769230769231 24)
[34, 44, 46, 52, 58] (0.9615384615384616 25)
[29, 40, 46, 52, 58] (0.9230769230769231 24)
[5, 29, 34, 52, 66] (0.9230769230769231 24)
[5, 7, 34, 44, 58] (0.9230769230769231 24)
[5, 29, 44, 58, 66] (0.9230769230769231 24)
[7, 34, 44, 52, 66] (0.9230769230769231 24)
[7, 34, 44, 46, 58] (0.9230769230769231 24)
[5, 29, 34, 46, 58] (0.9230769230769231 24)
[5, 29, 40, 44, 58] (0.9230769230769231 24)
[34, 40, 44, 52, 60] (0.9230769230769231 24)
[34, 44, 46, 58, 66] (0.9230769230769231 24)
[7, 29, 44, 52, 62] (0.9230769230769231 24)
[7, 29, 34, 44, 52] (0.9615384615384616 25)
[29, 34, 58, 60, 66] (0.9615384615384616 25)
[34, 36, 48, 52, 58] (0.9230769230769231 24)
[34, 44, 46, 58, 60] (0.9230769230769231 24)
[34, 40, 44, 46, 52] (0.9230769230769231 24)
[5, 29, 52, 58, 66] (0.9230769230769231 24)
[29, 44, 48, 52, 58] (0.9230769230769231 24)
[5, 29, 40, 44, 52] (0.9230769230769231 24)
[40, 52, 58, 60, 66] (0.9230769230769231 24)
[7, 29, 34, 44, 58] (0.9615384615384616 25)
[5, 29, 44, 58, 62] (0.9230769230769231 24)
[7, 29, 52, 58, 60] (0.9230769230769231 24)
[5, 34, 40, 52, 58] (0.9230769230769231 24)
[7, 29, 44, 52, 60] (0.9230769230769231 24)
[5, 34, 52, 58, 66] (0.9230769230769231 24)
[34, 44, 46, 58, 62] (0.9230769230769231 24)
[29, 58, 60, 62, 66] (0.9230769230769231 24)
[5, 29, 34, 44, 60] (0.9230769230769231 24)
[29, 34, 40, 58, 60] (0.9230769230769231 24)
[29, 34, 44, 60, 66] (0.9615384615384616 25)
[7, 44, 52, 60, 66] (0.9230769230769231 24)
[5, 34, 40, 44, 52] (0.9230769230769231 24)
[29, 44, 58, 62, 66] (0.9230769230769231 24)
[29, 34, 58, 60, 62] (0.9230769230769231 24)
[5, 44, 52, 58, 60] (0.9230769230769231 24)
[7, 29, 52, 58, 62] (0.9230769230769231 24)
[5, 29, 34, 46, 52] (0.9230769230769231 24)
[29, 44, 46, 52, 58, 60] (0.9230769230769231 24)
[44, 46, 52, 58, 60, 66] (0.9230769230769231 24)
[5, 29, 44, 46, 52, 58] (0.9230769230769231 24)
[7, 29, 34, 46, 52, 58] (0.9230769230769231 24)
[29, 34, 44, 52, 58, 60] (0.9615384615384616 25)
[34, 44, 52, 58, 60, 66] (0.9615384615384616 25)
[29, 34, 46, 52, 60, 66] (0.9230769230769231 24)
[29, 34, 46, 52, 58, 66] (0.9230769230769231 24)
[29, 34, 44, 48, 52, 58] (0.9230769230769231 24)
[34, 40, 44, 52, 60, 66] (0.9230769230769231 24)
[5, 29, 44, 58, 60, 66] (0.9230769230769231 24)
[34, 44, 52, 58, 60, 62] (0.9230769230769231 24)
[29, 34, 44, 46, 60, 66] (0.9230769230769231 24)
[29, 34, 40, 44, 46, 52] (0.9230769230769231 24)
[29, 34, 46, 52, 58, 62] (0.9230769230769231 24)
[7, 29, 34, 44, 52, 58] (0.9615384615384616 25)
[7, 29, 34, 58, 60, 66] (0.9230769230769231 24)
[29, 34, 44, 58, 62, 66] (0.9230769230769231 24)
[29, 34, 46, 52, 58, 60] (0.9230769230769231 24)
[29, 34, 40, 44, 52, 60] (0.9230769230769231 24)
[7, 34, 52, 58, 60, 66] (0.9230769230769231 24)
[7, 29, 34, 44, 58, 60] (0.9230769230769231 24)
[29, 40, 44, 58, 60, 66] (0.9230769230769231 24)
[5, 29, 34, 44, 60, 66] (0.9230769230769231 24)
[7, 29, 34, 44, 60, 66] (0.9230769230769231 24)
[29, 34, 44, 52, 58, 66] (0.9615384615384616 25)
[29, 34, 40, 44, 60, 66] (0.9230769230769231 24)
[34, 46, 52, 58, 60, 66] (0.9230769230769231 24)
[7, 34, 44, 52, 58, 66] (0.9230769230769231 24)
[5, 29, 52, 58, 60, 66] (0.9230769230769231 24)
[5, 29, 34, 52, 60, 66] (0.9230769230769231 24)
[7, 29, 44, 46, 52, 58] (0.9230769230769231 24)
[5, 29, 34, 46, 52, 58] (0.9230769230769231 24)
[29, 34, 44, 52, 58, 64] (0.9230769230769231 24)
[29, 34, 36, 44, 52, 58] (0.9230769230769231 24)
[29, 34, 40, 44, 52, 66] (0.9230769230769231 24)
[29, 34, 44, 52, 58, 62] (0.9615384615384616 25)
[7, 29, 44, 52, 60, 66] (0.9230769230769231 24)
[29, 34, 52, 58, 62, 66] (0.9230769230769231 24)
[7, 34, 44, 52, 58, 62] (0.9230769230769231 24)
[29, 34, 40, 52, 60, 66] (0.9230769230769231 24)
[29, 34, 40, 44, 52, 62] (0.9230769230769231 24)
[29, 34, 40, 44, 52, 64] (0.9230769230769231 24)
[29, 52, 58, 60, 62, 66] (0.9230769230769231 24)
[7, 34, 40, 44, 52, 58] (0.9230769230769231 24)
[29, 40, 44, 52, 58, 64] (0.9230769230769231 24)
[7, 29, 34, 44, 52, 66] (0.9230769230769231 24)
[5, 44, 52, 58, 60, 66] (0.9230769230769231 24)
[5, 29, 34, 52, 58, 60] (0.9230769230769231 24)
[34, 44, 46, 52, 58, 62] (0.9230769230769231 24)
[29, 34, 44, 60, 62, 66] (0.9230769230769231 24)
[29, 40, 44, 52, 58, 66] (0.9230769230769231 24)
[34, 44, 46, 52, 58, 60] (0.9230769230769231 24)
[29, 34, 40, 52, 58, 66] (0.9230769230769231 24)
[5, 29, 34, 44, 52, 60] (0.9230769230769231 24)
[5, 29, 34, 44, 46, 52] (0.9230769230769231 24)
[29, 34, 46, 58, 60, 66] (0.9230769230769231 24)
[7, 29, 34, 44, 58, 66] (0.9230769230769231 24)
[5, 29, 34, 44, 52, 62] (0.9230769230769231 24)
[29, 34, 44, 52, 62, 66] (0.9230769230769231 24)
[5, 29, 34, 52, 58, 62] (0.9230769230769231 24)
[5, 29, 34, 40, 44, 52] (0.9230769230769231 24)
[29, 44, 58, 60, 62, 66] (0.9230769230769231 24)
[7, 29, 34, 44, 52, 62] (0.9230769230769231 24)
[5, 7, 29, 44, 52, 58] (0.9230769230769231 24)
[29, 34, 44, 46, 58, 60] (0.9230769230769231 24)
[34, 44, 46, 52, 58, 66] (0.9230769230769231 24)
[7, 29, 44, 58, 60, 66] (0.9230769230769231 24)
[7, 29, 34, 52, 60, 66] (0.9230769230769231 24)
[29, 40, 44, 52, 58, 62] (0.9230769230769231 24)
[40, 44, 52, 58, 60, 66] (0.9230769230769231 24)
[7, 29, 34, 44, 58, 62] (0.9230769230769231 24)
[7, 29, 34, 44, 52, 60] (0.9230769230769231 24)
[5, 29, 34, 44, 52, 66] (0.9230769230769231 24)
[29, 34, 44, 46, 58, 62] (0.9230769230769231 24)
[5, 29, 34, 52, 58, 66] (0.9230769230769231 24)
[29, 40, 44, 52, 58, 60] (0.9230769230769231 24)
[34, 40, 52, 58, 60, 66] (0.9230769230769231 24)
[29, 36, 44, 48, 52, 58] (0.9230769230769231 24)
[29, 40, 44, 46, 52, 58] (0.9230769230769231 24)
[29, 34, 44, 46, 52, 58] (0.9615384615384616 25)
[29, 44, 46, 52, 60, 66] (0.9230769230769231 24)
[29, 34, 40, 44, 58, 60] (0.9230769230769231 24)
[5, 29, 44, 52, 58, 62] (0.9230769230769231 24)
[5, 7, 29, 34, 44, 58] (0.9230769230769231 24)
[7, 34, 44, 52, 60, 66] (0.9230769230769231 24)
[29, 34, 44, 46, 58, 66] (0.9230769230769231 24)
[5, 7, 29, 34, 44, 52] (0.9230769230769231 24)
[5, 29, 34, 44, 46, 58] (0.9230769230769231 24)
[5, 29, 44, 52, 58, 60] (0.9230769230769231 24)
[29, 34, 36, 48, 52, 58] (0.9230769230769231 24)
[29, 34, 40, 52, 58, 64] (0.9230769230769231 24)
[7, 44, 52, 58, 60, 66] (0.9230769230769231 24)
[5, 29, 34, 40, 44, 58] (0.9230769230769231 24)
[29, 34, 40, 52, 58, 62] (0.9230769230769231 24)
[29, 34, 52, 60, 62, 66] (0.9230769230769231 24)
[29, 34, 40, 52, 58, 60] (0.9230769230769231 24)
[29, 34, 40, 44, 58, 66] (0.9230769230769231 24)
[29, 34, 36, 44, 48, 52] (0.9230769230769231 24)
[5, 29, 34, 44, 58, 62] (0.9230769230769231 24)
[29, 34, 40, 58, 60, 66] (0.9230769230769231 24)
[7, 29, 34, 44, 46, 58] (0.9230769230769231 24)
[34, 44, 46, 58, 60, 66] (0.9230769230769231 24)
[5, 29, 34, 58, 60, 66] (0.9230769230769231 24)
[44, 52, 58, 60, 62, 66] (0.9230769230769231 24)
[7, 29, 34, 52, 58, 62] (0.9230769230769231 24)
[5, 29, 34, 44, 58, 60] (0.9230769230769231 24)
[29, 34, 44, 46, 52, 66] (0.9230769230769231 24)
[29, 34, 40, 44, 58, 62] (0.9230769230769231 24)
[29, 44, 46, 58, 60, 66] (0.9230769230769231 24)
[7, 29, 34, 52, 58, 60] (0.9230769230769231 24)
[5, 34, 52, 58, 60, 66] (0.9230769230769231 24)
[5, 29, 44, 52, 58, 66] (0.9230769230769231 24)
[29, 40, 52, 58, 60, 66] (0.9230769230769231 24)
[29, 34, 40, 44, 58, 64] (0.9230769230769231 24)
[29, 34, 44, 46, 52, 62] (0.9230769230769231 24)
[34, 44, 46, 52, 60, 66] (0.9230769230769231 24)
[5, 29, 34, 44, 52, 58] (0.9615384615384616 25)
[29, 34, 44, 46, 52, 60] (0.9230769230769231 24)
[29, 34, 52, 58, 60, 66] (0.9615384615384616 25)
[7, 34, 44, 58, 60, 66] (0.9230769230769231 24)
[7, 34, 44, 46, 52, 58] (0.9230769230769231 24)
[29, 34, 58, 60, 62, 66] (0.9230769230769231 24)
[5, 29, 34, 44, 58, 66] (0.9230769230769231 24)
[29, 34, 40, 44, 52, 58] (0.9615384615384616 25)
[29, 34, 52, 58, 60, 62] (0.9230769230769231 24)
[34, 36, 44, 48, 52, 58] (0.9230769230769231 24)
[29, 34, 36, 44, 48, 58] (0.9230769230769231 24)
[7, 29, 34, 52, 58, 66] (0.9230769230769231 24)
[29, 44, 52, 58, 60, 62] (0.9230769230769231 24)
[29, 44, 46, 52, 58, 62] (0.9230769230769231 24)
[5, 34, 44, 52, 58, 62] (0.9230769230769231 24)
[7, 29, 44, 52, 58, 62] (0.9230769230769231 24)
[5, 34, 44, 46, 52, 58] (0.9230769230769231 24)
[7, 29, 40, 44, 52, 58] (0.9230769230769231 24)
[29, 34, 40, 46, 52, 58] (0.9230769230769231 24)
[5, 34, 44, 52, 58, 60] (0.9230769230769231 24)
[34, 52, 58, 60, 62, 66] (0.9230769230769231 24)
[7, 29, 44, 52, 58, 60] (0.9230769230769231 24)
[29, 34, 44, 58, 60, 62] (0.9230769230769231 24)
[34, 44, 52, 60, 62, 66] (0.9230769230769231 24)
[29, 44, 52, 58, 60, 66] (0.9615384615384616 25)
[5, 34, 40, 44, 52, 58] (0.9230769230769231 24)
[29, 44, 46, 52, 58, 66] (0.9230769230769231 24)
[5, 29, 34, 40, 52, 58] (0.9230769230769231 24)
[34, 40, 44, 52, 58, 66] (0.9230769230769231 24)
[29, 34, 44, 52, 56, 58] (0.9230769230769231 24)
[29, 44, 52, 60, 62, 66] (0.9230769230769231 24)
[34, 40, 44, 58, 60, 66] (0.9230769230769231 24)
[5, 29, 40, 44, 52, 58] (0.9230769230769231 24)
[29, 34, 44, 58, 60, 66] (0.9615384615384616 25)
[34, 44, 52, 58, 62, 66] (0.9230769230769231 24)
[7, 34, 44, 52, 58, 60] (0.9230769230769231 24)
[5, 34, 44, 52, 60, 66] (0.9230769230769231 24)
[34, 40, 44, 52, 58, 62] (0.9230769230769231 24)
[7, 29, 34, 40, 44, 52] (0.9230769230769231 24)
[5, 7, 34, 44, 52, 58] (0.9230769230769231 24)
[7, 29, 34, 44, 46, 52] (0.9230769230769231 24)
[7, 29, 52, 58, 60, 66] (0.9230769230769231 24)
[29, 34, 44, 52, 60, 62] (0.9230769230769231 24)
[29, 34, 44, 52, 60, 66] (0.9615384615384616 25)
[34, 40, 44, 52, 58, 64] (0.9230769230769231 24)
[29, 44, 52, 58, 62, 66] (0.9230769230769231 24)
[34, 40, 44, 46, 52, 58] (0.9230769230769231 24)
[5, 29, 44, 52, 60, 66] (0.9230769230769231 24)
[34, 44, 58, 60, 62, 66] (0.9230769230769231 24)
[7, 29, 44, 52, 58, 66] (0.9230769230769231 24)
[5, 7, 29, 34, 52, 58] (0.9230769230769231 24)
[29, 34, 40, 44, 46, 58] (0.9230769230769231 24)
[5, 34, 44, 52, 58, 66] (0.9230769230769231 24)
[34, 40, 44, 52, 58, 60] (0.9230769230769231 24)
[5, 34, 44, 58, 60, 66] (0.9230769230769231 24)
[29, 46, 52, 58, 60, 66] (0.9230769230769231 24)
[29, 40, 44, 52, 60, 66] (0.9230769230769231 24)
[7, 29, 34, 40, 44, 58] (0.9230769230769231 24)
[7, 29, 34, 40, 52, 58] (0.9230769230769231 24)
[29, 34, 44, 58, 60, 62, 66] (0.9230769230769231 24)
[34, 44, 46, 52, 58, 60, 66] (0.9230769230769231 24)
[7, 29, 34, 44, 52, 58, 60] (0.9230769230769231 24)
[29, 44, 52, 58, 60, 62, 66] (0.9230769230769231 24)
[7, 29, 34, 40, 44, 52, 58] (0.9230769230769231 24)
[29, 34, 44, 46, 52, 58, 60] (0.9230769230769231 24)
[7, 34, 44, 52, 58, 60, 66] (0.9230769230769231 24)
[5, 29, 34, 44, 52, 58, 62] (0.9230769230769231 24)
[7, 29, 44, 52, 58, 60, 66] (0.9230769230769231 24)
[7, 29, 34, 44, 52, 58, 62] (0.9230769230769231 24)
[29, 34, 40, 44, 58, 60, 66] (0.9230769230769231 24)
[7, 29, 34, 44, 46, 52, 58] (0.9230769230769231 24)
[7, 29, 34, 44, 52, 60, 66] (0.9230769230769231 24)
[5, 7, 29, 34, 44, 52, 58] (0.9230769230769231 24)
[29, 34, 44, 46, 52, 58, 62] (0.9230769230769231 24)
[34, 44, 52, 58, 60, 62, 66] (0.9230769230769231 24)
[29, 34, 40, 44, 52, 58, 62] (0.9230769230769231 24)
[29, 34, 44, 52, 58, 62, 66] (0.9230769230769231 24)
[29, 34, 40, 44, 52, 60, 66] (0.9230769230769231 24)
[29, 34, 44, 46, 58, 60, 66] (0.9230769230769231 24)
[5, 29, 34, 44, 52, 58, 66] (0.9230769230769231 24)
[7, 29, 34, 44, 52, 58, 66] (0.9230769230769231 24)
[5, 29, 34, 40, 44, 52, 58] (0.9230769230769231 24)
[29, 40, 44, 52, 58, 60, 66] (0.9230769230769231 24)
[5, 29, 34, 44, 52, 60, 66] (0.9230769230769231 24)
[29, 34, 40, 44, 52, 58, 60] (0.9230769230769231 24)
[29, 34, 40, 44, 52, 58, 66] (0.9230769230769231 24)
[29, 34, 46, 52, 58, 60, 66] (0.9230769230769231 24)
[29, 34, 44, 46, 52, 58, 66] (0.9230769230769231 24)
[5, 29, 34, 44, 46, 52, 58] (0.9230769230769231 24)
[7, 29, 34, 52, 58, 60, 66] (0.9230769230769231 24)
[5, 34, 44, 52, 58, 60, 66] (0.9230769230769231 24)
[29, 34, 44, 52, 58, 60, 66] (0.9615384615384616 25)
[29, 34, 40, 44, 52, 58, 64] (0.9230769230769231 24)
[29, 34, 36, 44, 48, 52, 58] (0.9230769230769231 24)
[5, 29, 44, 52, 58, 60, 66] (0.9230769230769231 24)
[29, 34, 52, 58, 60, 62, 66] (0.9230769230769231 24)
[5, 29, 34, 52, 58, 60, 66] (0.9230769230769231 24)
[29, 34, 44, 52, 60, 62, 66] (0.9230769230769231 24)
[29, 34, 40, 52, 58, 60, 66] (0.9230769230769231 24)
[5, 29, 34, 44, 58, 60, 66] (0.9230769230769231 24)
[29, 34, 44, 46, 52, 60, 66] (0.9230769230769231 24)
[7, 29, 34, 44, 58, 60, 66] (0.9230769230769231 24)
[29, 34, 40, 44, 46, 52, 58] (0.9230769230769231 24)
[29, 44, 46, 52, 58, 60, 66] (0.9230769230769231 24)
[29, 34, 44, 52, 58, 60, 62] (0.9230769230769231 24)
[5, 29, 34, 44, 52, 58, 60] (0.9230769230769231 24)
[34, 40, 44, 52, 58, 60, 66] (0.9230769230769231 24)
[29, 34, 44, 46, 52, 58, 60, 66] (0.9230769230769231 24)
[5, 29, 34, 44, 52, 58, 60, 66] (0.9230769230769231 24)
[29, 34, 40, 44, 52, 58, 60, 66] (0.9230769230769231 24)
[7, 29, 34, 44, 52, 58, 60, 66] (0.9230769230769231 24)
[29, 34, 44, 52, 58, 60, 62, 66] (0.9230769230769231 24)
