[5] (0.9391891891891891 139)
[7] (0.9797297297297297 145)
[29] (1.0 148)
[34] (0.972972972972973 144)
[36] (0.9594594594594594 142)
[40] (0.9932432432432432 147)
[48] (0.9391891891891891 139)
[52] (1.0 148)
[56] (0.9594594594594594 142)
[58] (1.0 148)
[60] (0.9864864864864865 146)
[62] (0.9662162162162162 143)
[66] (0.9797297297297297 145)
[5, 29] (0.9391891891891891 139)
[34, 36] (0.9324324324324325 138)
[7, 66] (0.9594594594594594 142)
[5, 52] (0.9391891891891891 139)
[36, 48] (0.9391891891891891 139)
[56, 60] (0.9459459459459459 140)
[7, 34] (0.9527027027027027 141)
[40, 52] (0.9932432432432432 147)
[7, 62] (0.9459459459459459 140)
[29, 36] (0.9594594594594594 142)
[7, 48] (0.918918918918919 136)
[36, 58] (0.9594594594594594 142)
[62, 66] (0.9459459459459459 140)
[58, 60] (0.9864864864864865 146)
[36, 40] (0.9527027027027027 141)
[52, 58] (1.0 148)
[7, 58] (0.9797297297297297 145)
[29, 58] (1.0 148)
[60, 62] (0.9527027027027027 141)
[48, 66] (0.9256756756756757 137)
[34, 60] (0.9594594594594594 142)
[5, 66] (0.918918918918919 136)
[29, 48] (0.9391891891891891 139)
[48, 62] (0.9054054054054054 134)
[36, 60] (0.9459459459459459 140)
[29, 60] (0.9864864864864865 146)
[48, 52] (0.9391891891891891 139)
[40, 60] (0.9797297297297297 145)
[56, 58] (0.9594594594594594 142)
[29, 40] (0.9932432432432432 147)
[34, 40] (0.9662162162162162 143)
[40, 56] (0.9527027027027027 141)
[7, 40] (0.972972972972973 144)
[34, 58] (0.972972972972973 144)
[34, 48] (0.9121621621621622 135)
[5, 7] (0.918918918918919 136)
[5, 60] (0.9256756756756757 137)
[52, 60] (0.9864864864864865 146)
[5, 62] (0.918918918918919 136)
[52, 66] (0.9797297297297297 145)
[56, 62] (0.9324324324324325 138)
[7, 36] (0.9391891891891891 139)
[52, 56] (0.9594594594594594 142)
[58, 62] (0.9662162162162162 143)
[5, 40] (0.9324324324324325 138)
[5, 58] (0.9391891891891891 139)
[36, 66] (0.9391891891891891 139)
[60, 66] (0.9797297297297297 145)
[36, 52] (0.9594594594594594 142)
[29, 34] (0.972972972972973 144)
[7, 60] (0.9662162162162162 143)
[56, 66] (0.9391891891891891 139)
[5, 34] (0.9324324324324325 138)
[7, 56] (0.9459459459459459 140)
[36, 56] (0.918918918918919 136)
[34, 66] (0.9527027027027027 141)
[40, 62] (0.9594594594594594 142)
[29, 62] (0.9662162162162162 143)
[34, 62] (0.9459459459459459 140)
[40, 66] (0.972972972972973 144)
[40, 48] (0.9324324324324325 138)
[40, 58] (0.9932432432432432 147)
[29, 56] (0.9594594594594594 142)
[48, 60] (0.9324324324324325 138)
[36, 62] (0.9256756756756757 137)
[29, 66] (0.9797297297297297 145)
[58, 66] (0.9797297297297297 145)
[48, 58] (0.9391891891891891 139)
[52, 62] (0.9662162162162162 143)
[29, 52] (1.0 148)
[34, 52] (0.972972972972973 144)
[7, 29] (0.9797297297297297 145)
[34, 56] (0.9324324324324325 138)
[7, 52] (0.9797297297297297 145)
[36, 48, 62] (0.9054054054054054 134)
[48, 60, 66] (0.9256756756756757 137)
[7, 58, 60] (0.9662162162162162 143)
[29, 34, 66] (0.9527027027027027 141)
[34, 52, 58] (0.972972972972973 144)
[58, 62, 66] (0.9459459459459459 140)
[34, 36, 58] (0.9324324324324325 138)
[7, 48, 58] (0.918918918918919 136)
[36, 40, 56] (0.9121621621621622 135)
[29, 34, 56] (0.9324324324324325 138)
[34, 56, 60] (0.918918918918919 136)
[29, 48, 58] (0.9391891891891891 139)
[56, 62, 66] (0.9121621621621622 135)
[29, 52, 56] (0.9594594594594594 142)
[5, 40, 58] (0.9324324324324325 138)
[34, 40, 58] (0.9662162162162162 143)
[40, 60, 66] (0.972972972972973 144)
[29, 52, 66] (0.9797297297297297 145)
[7, 52, 62] (0.9459459459459459 140)
[7, 40, 56] (0.9391891891891891 139)
[40, 56, 66] (0.9324324324324325 138)
[36, 52, 58] (0.9594594594594594 142)
[29, 40, 48] (0.9324324324324325 138)
[34, 60, 66] (0.9527027027027027 141)
[29, 40, 58] (0.9932432432432432 147)
[5, 29, 62] (0.918918918918919 136)
[7, 56, 66] (0.9256756756756757 137)
[5, 52, 60] (0.9256756756756757 137)
[7, 36, 58] (0.9391891891891891 139)
[34, 58, 60] (0.9594594594594594 142)
[7, 29, 66] (0.9594594594594594 142)
[36, 62, 66] (0.9054054054054054 134)
[29, 58, 66] (0.9797297297297297 145)
[7, 36, 40] (0.9324324324324325 138)
[56, 58, 62] (0.9324324324324325 138)
[5, 29, 52] (0.9391891891891891 139)
[7, 29, 36] (0.9391891891891891 139)
[29, 56, 60] (0.9459459459459459 140)
[7, 29, 56] (0.9459459459459459 140)
[29, 40, 60] (0.9797297297297297 145)
[40, 48, 60] (0.9256756756756757 137)
[36, 40, 58] (0.9527027027027027 141)
[29, 34, 58] (0.972972972972973 144)
[36, 48, 60] (0.9324324324324325 138)
[40, 48, 52] (0.9324324324324325 138)
[29, 36, 48] (0.9391891891891891 139)
[29, 36, 58] (0.9594594594594594 142)
[52, 56, 58] (0.9594594594594594 142)
[40, 56, 62] (0.9256756756756757 137)
[7, 40, 58] (0.972972972972973 144)
[5, 34, 58] (0.9324324324324325 138)
[7, 29, 34] (0.9527027027027027 141)
[7, 52, 66] (0.9594594594594594 142)
[36, 52, 56] (0.918918918918919 136)
[5, 29, 60] (0.9256756756756757 137)
[5, 52, 62] (0.918918918918919 136)
[7, 36, 56] (0.9054054054054054 134)
[34, 58, 62] (0.9459459459459459 140)
[34, 48, 52] (0.9121621621621622 135)
[7, 34, 52] (0.9527027027027027 141)
[5, 29, 40] (0.9324324324324325 138)
[7, 29, 48] (0.918918918918919 136)
[29, 36, 60] (0.9459459459459459 140)
[40, 52, 66] (0.972972972972973 144)
[40, 56, 58] (0.9527027027027027 141)
[7, 34, 62] (0.9256756756756757 137)
[5, 58, 66] (0.918918918918919 136)
[36, 58, 60] (0.9459459459459459 140)
[36, 40, 52] (0.9527027027027027 141)
[36, 40, 66] (0.9324324324324325 138)
[52, 60, 66] (0.9797297297297297 145)
[34, 40, 48] (0.9054054054054054 134)
[29, 40, 62] (0.9594594594594594 142)
[36, 60, 62] (0.9121621621621622 135)
[40, 48, 58] (0.9324324324324325 138)
[5, 7, 29] (0.918918918918919 136)
[7, 52, 56] (0.9459459459459459 140)
[29, 52, 62] (0.9662162162162162 143)
[29, 34, 52] (0.972972972972973 144)
[7, 56, 62] (0.918918918918919 136)
[34, 36, 40] (0.9256756756756757 137)
[34, 40, 52] (0.9662162162162162 143)
[34, 36, 60] (0.918918918918919 136)
[5, 29, 66] (0.918918918918919 136)
[5, 60, 66] (0.918918918918919 136)
[7, 34, 40] (0.9459459459459459 140)
[7, 34, 60] (0.9391891891891891 139)
[5, 58, 60] (0.9256756756756757 137)
[7, 62, 66] (0.9256756756756757 137)
[5, 52, 58] (0.9391891891891891 139)
[29, 56, 66] (0.9391891891891891 139)
[7, 58, 62] (0.9459459459459459 140)
[34, 40, 66] (0.9459459459459459 140)
[29, 48, 66] (0.9256756756756757 137)
[29, 34, 40] (0.9662162162162162 143)
[40, 52, 58] (0.9932432432432432 147)
[34, 60, 62] (0.9324324324324325 138)
[48, 52, 58] (0.9391891891891891 139)
[34, 56, 62] (0.9121621621621622 135)
[34, 40, 56] (0.9256756756756757 137)
[7, 52, 58] (0.9797297297297297 145)
[29, 34, 36] (0.9324324324324325 138)
[60, 62, 66] (0.9459459459459459 140)
[36, 56, 60] (0.9054054054054054 134)
[7, 56, 60] (0.9324324324324325 138)
[29, 40, 56] (0.9527027027027027 141)
[7, 36, 52] (0.9391891891891891 139)
[40, 52, 56] (0.9527027027027027 141)
[7, 36, 66] (0.918918918918919 136)
[48, 58, 60] (0.9324324324324325 138)
[7, 29, 58] (0.9797297297297297 145)
[5, 58, 62] (0.918918918918919 136)
[36, 60, 66] (0.9391891891891891 139)
[29, 62, 66] (0.9459459459459459 140)
[29, 56, 62] (0.9324324324324325 138)
[56, 58, 60] (0.9459459459459459 140)
[29, 60, 62] (0.9527027027027027 141)
[34, 62, 66] (0.9256756756756757 137)
[7, 34, 58] (0.9527027027027027 141)
[7, 60, 62] (0.9324324324324325 138)
[5, 29, 58] (0.9391891891891891 139)
[34, 40, 62] (0.9391891891891891 139)
[29, 40, 66] (0.972972972972973 144)
[52, 58, 62] (0.9662162162162162 143)
[40, 58, 66] (0.972972972972973 144)
[29, 36, 66] (0.9391891891891891 139)
[52, 58, 60] (0.9864864864864865 146)
[40, 52, 60] (0.9797297297297297 145)
[36, 58, 66] (0.9391891891891891 139)
[7, 48, 52] (0.918918918918919 136)
[52, 56, 66] (0.9391891891891891 139)
[34, 48, 58] (0.9121621621621622 135)
[29, 34, 60] (0.9594594594594594 142)
[5, 40, 62] (0.9121621621621622 135)
[29, 36, 52] (0.9594594594594594 142)
[5, 60, 62] (0.9054054054054054 134)
[5, 34, 40] (0.9256756756756757 137)
[7, 40, 60] (0.9594594594594594 142)
[48, 58, 62] (0.9054054054054054 134)
[7, 36, 60] (0.9256756756756757 137)
[34, 48, 60] (0.9054054054054054 134)
[34, 52, 66] (0.9527027027027027 141)
[34, 56, 66] (0.9121621621621622 135)
[29, 52, 60] (0.9864864864864865 146)
[36, 40, 60] (0.9391891891891891 139)
[5, 7, 60] (0.9054054054054054 134)
[7, 29, 60] (0.9662162162162162 143)
[36, 52, 60] (0.9459459459459459 140)
[5, 7, 58] (0.918918918918919 136)
[34, 40, 60] (0.9527027027027027 141)
[34, 36, 62] (0.9054054054054054 134)
[52, 56, 62] (0.9324324324324325 138)
[52, 56, 60] (0.9459459459459459 140)
[34, 36, 52] (0.9324324324324325 138)
[36, 48, 58] (0.9391891891891891 139)
[48, 52, 66] (0.9256756756756757 137)
[5, 34, 60] (0.918918918918919 136)
[7, 29, 40] (0.972972972972973 144)
[7, 58, 66] (0.9594594594594594 142)
[58, 60, 62] (0.9527027027027027 141)
[5, 34, 62] (0.9121621621621622 135)
[29, 34, 62] (0.9459459459459459 140)
[7, 40, 48] (0.9121621621621622 135)
[40, 62, 66] (0.9391891891891891 139)
[29, 40, 52] (0.9932432432432432 147)
[36, 52, 62] (0.9256756756756757 137)
[29, 48, 62] (0.9054054054054054 134)
[7, 60, 66] (0.9594594594594594 142)
[7, 48, 60] (0.9121621621621622 135)
[5, 40, 60] (0.918918918918919 136)
[5, 34, 52] (0.9324324324324325 138)
[36, 40, 62] (0.918918918918919 136)
[29, 36, 40] (0.9527027027027027 141)
[7, 36, 62] (0.9054054054054054 134)
[29, 48, 52] (0.9391891891891891 139)
[5, 29, 34] (0.9324324324324325 138)
[7, 29, 52] (0.9797297297297297 145)
[56, 58, 66] (0.9391891891891891 139)
[40, 56, 60] (0.9391891891891891 139)
[29, 60, 66] (0.9797297297297297 145)
[56, 60, 66] (0.9391891891891891 139)
[7, 40, 66] (0.9527027027027027 141)
[7, 29, 62] (0.9459459459459459 140)
[5, 52, 66] (0.918918918918919 136)
[34, 56, 58] (0.9324324324324325 138)
[40, 60, 62] (0.9459459459459459 140)
[40, 58, 60] (0.9797297297297297 145)
[52, 58, 66] (0.9797297297297297 145)
[48, 52, 60] (0.9324324324324325 138)
[36, 48, 52] (0.9391891891891891 139)
[52, 62, 66] (0.9459459459459459 140)
[36, 48, 66] (0.9256756756756757 137)
[36, 58, 62] (0.9256756756756757 137)
[29, 36, 56] (0.918918918918919 136)
[5, 7, 40] (0.9121621621621622 135)
[58, 60, 66] (0.9797297297297297 145)
[29, 58, 62] (0.9662162162162162 143)
[40, 58, 62] (0.9594594594594594 142)
[29, 36, 62] (0.9256756756756757 137)
[34, 52, 62] (0.9459459459459459 140)
[48, 58, 66] (0.9256756756756757 137)
[5, 40, 52] (0.9324324324324325 138)
[7, 48, 66] (0.9054054054054054 134)
[29, 48, 60] (0.9324324324324325 138)
[34, 36, 48] (0.9121621621621622 135)
[7, 52, 60] (0.9662162162162162 143)
[5, 7, 34] (0.9121621621621622 135)
[7, 34, 66] (0.9324324324324325 138)
[7, 34, 56] (0.918918918918919 136)
[5, 40, 66] (0.9121621621621622 135)
[29, 56, 58] (0.9594594594594594 142)
[34, 36, 66] (0.9121621621621622 135)
[36, 40, 48] (0.9324324324324325 138)
[48, 52, 62] (0.9054054054054054 134)
[7, 36, 48] (0.918918918918919 136)
[7, 56, 58] (0.9459459459459459 140)
[34, 52, 56] (0.9324324324324325 138)
[7, 34, 36] (0.9121621621621622 135)
[34, 58, 66] (0.9527027027027027 141)
[29, 34, 48] (0.9121621621621622 135)
[52, 60, 62] (0.9527027027027027 141)
[5, 7, 52] (0.918918918918919 136)
[40, 52, 62] (0.9594594594594594 142)
[40, 48, 66] (0.918918918918919 136)
[29, 58, 60] (0.9864864864864865 146)
[29, 52, 58] (1.0 148)
[5, 34, 66] (0.9121621621621622 135)
[7, 40, 62] (0.9391891891891891 139)
[56, 60, 62] (0.918918918918919 136)
[36, 56, 58] (0.918918918918919 136)
[34, 52, 60] (0.9594594594594594 142)
[36, 52, 66] (0.9391891891891891 139)
[7, 40, 52] (0.972972972972973 144)
[7, 34, 62, 66] (0.9054054054054054 134)
[5, 7, 34, 52] (0.9121621621621622 135)
[7, 29, 52, 62] (0.9459459459459459 140)
[29, 52, 56, 66] (0.9391891891891891 139)
[34, 56, 60, 66] (0.9121621621621622 135)
[7, 29, 40, 52] (0.972972972972973 144)
[7, 40, 58, 62] (0.9391891891891891 139)
[7, 29, 40, 66] (0.9527027027027027 141)
[7, 52, 60, 66] (0.9594594594594594 142)
[5, 40, 58, 66] (0.9121621621621622 135)
[36, 48, 58, 66] (0.9256756756756757 137)
[36, 48, 52, 58] (0.9391891891891891 139)
[7, 52, 56, 58] (0.9459459459459459 140)
[7, 58, 60, 66] (0.9594594594594594 142)
[5, 52, 58, 66] (0.918918918918919 136)
[5, 34, 52, 66] (0.9121621621621622 135)
[40, 52, 58, 60] (0.9797297297297297 145)
[5, 29, 60, 66] (0.918918918918919 136)
[7, 36, 40, 60] (0.918918918918919 136)
[5, 29, 34, 40] (0.9256756756756757 137)
[5, 29, 40, 62] (0.9121621621621622 135)
[34, 40, 48, 58] (0.9054054054054054 134)
[29, 34, 52, 66] (0.9527027027027027 141)
[29, 52, 60, 66] (0.9797297297297297 145)
[7, 36, 52, 62] (0.9054054054054054 134)
[29, 56, 58, 60] (0.9459459459459459 140)
[36, 48, 52, 66] (0.9256756756756757 137)
[48, 52, 58, 66] (0.9256756756756757 137)
[5, 7, 29, 52] (0.918918918918919 136)
[34, 56, 58, 62] (0.9121621621621622 135)
[34, 40, 52, 60] (0.9527027027027027 141)
[7, 34, 40, 56] (0.9121621621621622 135)
[5, 52, 60, 66] (0.918918918918919 136)
[29, 36, 52, 60] (0.9459459459459459 140)
[29, 34, 56, 60] (0.918918918918919 136)
[7, 34, 52, 56] (0.918918918918919 136)
[29, 36, 40, 60] (0.9391891891891891 139)
[58, 60, 62, 66] (0.9459459459459459 140)
[29, 40, 56, 60] (0.9391891891891891 139)
[7, 36, 60, 66] (0.918918918918919 136)
[7, 52, 58, 66] (0.9594594594594594 142)
[5, 29, 34, 66] (0.9121621621621622 135)
[40, 52, 58, 62] (0.9594594594594594 142)
[7, 52, 56, 66] (0.9256756756756757 137)
[34, 40, 58, 62] (0.9391891891891891 139)
[29, 40, 48, 58] (0.9324324324324325 138)
[7, 40, 58, 60] (0.9594594594594594 142)
[29, 36, 60, 62] (0.9121621621621622 135)
[29, 56, 58, 62] (0.9324324324324325 138)
[29, 34, 58, 60] (0.9594594594594594 142)
[34, 36, 40, 48] (0.9054054054054054 134)
[5, 7, 29, 40] (0.9121621621621622 135)
[5, 34, 40, 52] (0.9256756756756757 137)
[5, 29, 40, 60] (0.918918918918919 136)
[34, 40, 52, 62] (0.9391891891891891 139)
[29, 40, 60, 66] (0.972972972972973 144)
[29, 34, 56, 62] (0.9121621621621622 135)
[7, 34, 40, 58] (0.9459459459459459 140)
[29, 36, 56, 58] (0.918918918918919 136)
[29, 34, 48, 58] (0.9121621621621622 135)
[7, 34, 52, 58] (0.9527027027027027 141)
[5, 34, 40, 60] (0.9121621621621622 135)
[5, 7, 29, 60] (0.9054054054054054 134)
[29, 40, 52, 58] (0.9932432432432432 147)
[7, 56, 60, 62] (0.9054054054054054 134)
[7, 52, 60, 62] (0.9324324324324325 138)
[29, 56, 60, 66] (0.9391891891891891 139)
[7, 29, 40, 56] (0.9391891891891891 139)
[29, 40, 48, 66] (0.918918918918919 136)
[29, 34, 58, 62] (0.9459459459459459 140)
[7, 48, 52, 60] (0.9121621621621622 135)
[29, 60, 62, 66] (0.9459459459459459 140)
[5, 29, 60, 62] (0.9054054054054054 134)
[29, 36, 58, 66] (0.9391891891891891 139)
[7, 29, 40, 62] (0.9391891891891891 139)
[7, 36, 52, 66] (0.918918918918919 136)
[36, 48, 58, 60] (0.9324324324324325 138)
[29, 34, 52, 56] (0.9324324324324325 138)
[29, 52, 60, 62] (0.9527027027027027 141)
[7, 36, 52, 56] (0.9054054054054054 134)
[29, 40, 62, 66] (0.9391891891891891 139)
[7, 34, 52, 60] (0.9391891891891891 139)
[7, 29, 48, 58] (0.918918918918919 136)
[29, 36, 60, 66] (0.9391891891891891 139)
[40, 52, 56, 66] (0.9324324324324325 138)
[29, 34, 56, 66] (0.9121621621621622 135)
[5, 7, 34, 58] (0.9121621621621622 135)
[34, 40, 58, 66] (0.9459459459459459 140)
[7, 29, 52, 60] (0.9662162162162162 143)
[29, 56, 58, 66] (0.9391891891891891 139)
[5, 34, 52, 58] (0.9324324324324325 138)
[36, 48, 60, 66] (0.9256756756756757 137)
[36, 40, 48, 66] (0.918918918918919 136)
[5, 7, 34, 40] (0.9054054054054054 134)
[7, 36, 40, 52] (0.9324324324324325 138)
[29, 34, 52, 58] (0.972972972972973 144)
[29, 40, 60, 62] (0.9459459459459459 140)
[34, 56, 58, 60] (0.918918918918919 136)
[34, 40, 48, 52] (0.9054054054054054 134)
[29, 36, 52, 56] (0.918918918918919 136)
[36, 48, 58, 62] (0.9054054054054054 134)
[36, 40, 60, 62] (0.9054054054054054 134)
[29, 36, 40, 62] (0.918918918918919 136)
[5, 29, 34, 62] (0.9121621621621622 135)
[7, 34, 56, 60] (0.9054054054054054 134)
[29, 36, 40, 52] (0.9527027027027027 141)
[5, 29, 34, 52] (0.9324324324324325 138)
[34, 40, 52, 66] (0.9459459459459459 140)
[29, 40, 56, 66] (0.9324324324324325 138)
[29, 52, 56, 58] (0.9594594594594594 142)
[40, 48, 52, 60] (0.9256756756756757 137)
[29, 40, 56, 62] (0.9256756756756757 137)
[7, 34, 52, 62] (0.9256756756756757 137)
[34, 58, 60, 66] (0.9527027027027027 141)
[29, 58, 62, 66] (0.9459459459459459 140)
[29, 36, 58, 62] (0.9256756756756757 137)
[52, 58, 60, 62] (0.9527027027027027 141)
[34, 52, 58, 66] (0.9527027027027027 141)
[29, 34, 58, 66] (0.9527027027027027 141)
[36, 52, 60, 66] (0.9391891891891891 139)
[52, 56, 62, 66] (0.9121621621621622 135)
[29, 56, 60, 62] (0.918918918918919 136)
[29, 34, 40, 62] (0.9391891891891891 139)
[48, 58, 60, 66] (0.9256756756756757 137)
[29, 52, 58, 62] (0.9662162162162162 143)
[7, 48, 60, 66] (0.9054054054054054 134)
[40, 52, 60, 66] (0.972972972972973 144)
[34, 36, 52, 60] (0.918918918918919 136)
[7, 40, 60, 66] (0.9527027027027027 141)
[7, 29, 34, 40] (0.9459459459459459 140)
[34, 60, 62, 66] (0.9256756756756757 137)
[7, 29, 34, 60] (0.9391891891891891 139)
[52, 56, 58, 62] (0.9324324324324325 138)
[5, 34, 40, 58] (0.9256756756756757 137)
[29, 36, 58, 60] (0.9459459459459459 140)
[40, 52, 56, 62] (0.9256756756756757 137)
[5, 40, 58, 60] (0.918918918918919 136)
[29, 56, 62, 66] (0.9121621621621622 135)
[7, 34, 58, 62] (0.9256756756756757 137)
[40, 58, 62, 66] (0.9391891891891891 139)
[5, 34, 52, 60] (0.918918918918919 136)
[5, 29, 52, 66] (0.918918918918919 136)
[29, 52, 56, 60] (0.9459459459459459 140)
[29, 34, 40, 60] (0.9527027027027027 141)
[29, 36, 52, 66] (0.9391891891891891 139)
[29, 48, 52, 60] (0.9324324324324325 138)
[29, 36, 40, 56] (0.9121621621621622 135)
[34, 36, 52, 62] (0.9054054054054054 134)
[7, 29, 40, 48] (0.9121621621621622 135)
[29, 52, 58, 60] (0.9864864864864865 146)
[7, 29, 52, 58] (0.9797297297297297 145)
[34, 52, 60, 62] (0.9324324324324325 138)
[7, 60, 62, 66] (0.9256756756756757 137)
[7, 29, 40, 58] (0.972972972972973 144)
[29, 36, 40, 66] (0.9324324324324325 138)
[36, 40, 60, 66] (0.9324324324324325 138)
[52, 56, 60, 62] (0.918918918918919 136)
[5, 29, 40, 58] (0.9324324324324325 138)
[52, 56, 58, 60] (0.9459459459459459 140)
[7, 36, 52, 58] (0.9391891891891891 139)
[7, 29, 34, 62] (0.9256756756756757 137)
[34, 52, 58, 62] (0.9459459459459459 140)
[5, 34, 52, 62] (0.9121621621621622 135)
[7, 34, 58, 60] (0.9391891891891891 139)
[5, 29, 52, 60] (0.9256756756756757 137)
[36, 40, 48, 60] (0.9256756756756757 137)
[5, 40, 58, 62] (0.9121621621621622 135)
[40, 52, 56, 60] (0.9391891891891891 139)
[34, 58, 60, 62] (0.9324324324324325 138)
[7, 52, 58, 60] (0.9662162162162162 143)
[7, 36, 58, 66] (0.918918918918919 136)
[52, 58, 60, 66] (0.9797297297297297 145)
[34, 40, 58, 60] (0.9527027027027027 141)
[29, 34, 40, 66] (0.9459459459459459 140)
[29, 36, 40, 58] (0.9527027027027027 141)
[5, 29, 34, 58] (0.9324324324324325 138)
[7, 29, 52, 56] (0.9459459459459459 140)
[36, 40, 56, 58] (0.9121621621621622 135)
[7, 29, 52, 66] (0.9594594594594594 142)
[29, 52, 56, 62] (0.9324324324324325 138)
[34, 40, 56, 62] (0.9054054054054054 134)
[7, 40, 52, 60] (0.9594594594594594 142)
[7, 40, 62, 66] (0.918918918918919 136)
[40, 52, 60, 62] (0.9459459459459459 140)
[40, 52, 56, 58] (0.9527027027027027 141)
[34, 56, 58, 66] (0.9121621621621622 135)
[7, 40, 60, 62] (0.9256756756756757 137)
[5, 29, 40, 66] (0.9121621621621622 135)
[48, 52, 58, 62] (0.9054054054054054 134)
[29, 36, 48, 58] (0.9391891891891891 139)
[5, 29, 40, 52] (0.9324324324324325 138)
[29, 34, 52, 62] (0.9459459459459459 140)
[36, 56, 58, 60] (0.9054054054054054 134)
[34, 52, 58, 60] (0.9594594594594594 142)
[29, 48, 58, 66] (0.9256756756756757 137)
[7, 29, 34, 66] (0.9324324324324325 138)
[5, 29, 52, 62] (0.918918918918919 136)
[40, 48, 58, 60] (0.9256756756756757 137)
[29, 52, 62, 66] (0.9459459459459459 140)
[7, 48, 52, 66] (0.9054054054054054 134)
[40, 52, 62, 66] (0.9391891891891891 139)
[34, 36, 48, 60] (0.9054054054054054 134)
[36, 58, 62, 66] (0.9054054054054054 134)
[29, 34, 36, 48] (0.9121621621621622 135)
[7, 52, 58, 62] (0.9459459459459459 140)
[56, 60, 62, 66] (0.9121621621621622 135)
[34, 40, 56, 60] (0.9121621621621622 135)
[34, 48, 52, 60] (0.9054054054054054 134)
[7, 34, 56, 58] (0.918918918918919 136)
[34, 36, 52, 66] (0.9121621621621622 135)
[52, 56, 60, 66] (0.9391891891891891 139)
[7, 34, 60, 62] (0.9121621621621622 135)
[29, 36, 48, 66] (0.9256756756756757 137)
[29, 36, 52, 62] (0.9256756756756757 137)
[7, 29, 34, 52] (0.9527027027027027 141)
[29, 34, 52, 60] (0.9594594594594594 142)
[7, 29, 56, 58] (0.9459459459459459 140)
[48, 52, 58, 60] (0.9324324324324325 138)
[34, 52, 60, 66] (0.9527027027027027 141)
[5, 7, 52, 58] (0.918918918918919 136)
[34, 36, 58, 62] (0.9054054054054054 134)
[34, 52, 56, 58] (0.9324324324324325 138)
[34, 36, 60, 66] (0.9121621621621622 135)
[7, 29, 62, 66] (0.9256756756756757 137)
[7, 34, 36, 52] (0.9121621621621622 135)
[29, 48, 52, 66] (0.9256756756756757 137)
[36, 40, 52, 56] (0.9121621621621622 135)
[7, 34, 60, 66] (0.9324324324324325 138)
[40, 48, 52, 58] (0.9324324324324325 138)
[5, 7, 58, 60] (0.9054054054054054 134)
[5, 40, 60, 66] (0.9121621621621622 135)
[34, 40, 56, 66] (0.9054054054054054 134)
[29, 34, 36, 58] (0.9324324324324325 138)
[7, 29, 34, 36] (0.9121621621621622 135)
[7, 29, 48, 60] (0.9121621621621622 135)
[40, 56, 60, 66] (0.9324324324324325 138)
[5, 29, 58, 60] (0.9256756756756757 137)
[29, 40, 52, 60] (0.9797297297297297 145)
[40, 58, 60, 66] (0.972972972972973 144)
[7, 29, 34, 56] (0.918918918918919 136)
[7, 29, 58, 60] (0.9662162162162162 143)
[5, 34, 58, 66] (0.9121621621621622 135)
[29, 48, 58, 60] (0.9324324324324325 138)
[7, 29, 56, 66] (0.9256756756756757 137)
[7, 29, 58, 62] (0.9459459459459459 140)
[36, 52, 58, 66] (0.9391891891891891 139)
[29, 36, 48, 62] (0.9054054054054054 134)
[7, 56, 58, 66] (0.9256756756756757 137)
[34, 36, 52, 58] (0.9324324324324325 138)
[7, 29, 60, 62] (0.9324324324324325 138)
[29, 34, 40, 52] (0.9662162162162162 143)
[40, 48, 60, 66] (0.918918918918919 136)
[34, 36, 48, 52] (0.9121621621621622 135)
[29, 34, 36, 66] (0.9121621621621622 135)
[34, 40, 56, 58] (0.9256756756756757 137)
[52, 60, 62, 66] (0.9459459459459459 140)
[29, 48, 58, 62] (0.9054054054054054 134)
[7, 29, 34, 58] (0.9527027027027027 141)
[34, 36, 58, 66] (0.9121621621621622 135)
[56, 58, 60, 62] (0.918918918918919 136)
[36, 52, 58, 60] (0.9459459459459459 140)
[5, 58, 60, 62] (0.9054054054054054 134)
[36, 40, 52, 66] (0.9324324324324325 138)
[52, 56, 58, 66] (0.9391891891891891 139)
[29, 34, 56, 58] (0.9324324324324325 138)
[34, 36, 40, 60] (0.9121621621621622 135)
[7, 40, 52, 56] (0.9391891891891891 139)
[7, 36, 58, 62] (0.9054054054054054 134)
[7, 40, 48, 58] (0.9121621621621622 135)
[7, 56, 58, 60] (0.9324324324324325 138)
[7, 29, 36, 40] (0.9324324324324325 138)
[29, 40, 58, 66] (0.972972972972973 144)
[29, 36, 48, 60] (0.9324324324324325 138)
[29, 52, 58, 66] (0.9797297297297297 145)
[29, 48, 52, 62] (0.9054054054054054 134)
[29, 34, 36, 40] (0.9256756756756757 137)
[7, 48, 52, 58] (0.918918918918919 136)
[5, 34, 58, 62] (0.9121621621621622 135)
[36, 52, 60, 62] (0.9121621621621622 135)
[34, 48, 52, 58] (0.9121621621621622 135)
[40, 56, 62, 66] (0.9054054054054054 134)
[7, 34, 36, 58] (0.9121621621621622 135)
[5, 40, 52, 60] (0.918918918918919 136)
[34, 52, 56, 66] (0.9121621621621622 135)
[52, 58, 62, 66] (0.9459459459459459 140)
[34, 36, 48, 58] (0.9121621621621622 135)
[7, 29, 58, 66] (0.9594594594594594 142)
[36, 52, 58, 62] (0.9256756756756757 137)
[29, 36, 48, 52] (0.9391891891891891 139)
[7, 36, 56, 58] (0.9054054054054054 134)
[7, 36, 58, 60] (0.9256756756756757 137)
[29, 34, 60, 66] (0.9527027027027027 141)
[7, 29, 36, 52] (0.9391891891891891 139)
[7, 34, 36, 40] (0.9054054054054054 134)
[7, 36, 48, 58] (0.918918918918919 136)
[29, 58, 60, 66] (0.9797297297297297 145)
[36, 40, 52, 58] (0.9527027027027027 141)
[7, 56, 58, 62] (0.918918918918919 136)
[36, 52, 62, 66] (0.9054054054054054 134)
[7, 48, 58, 60] (0.9121621621621622 135)
[5, 7, 40, 52] (0.9121621621621622 135)
[7, 40, 56, 66] (0.918918918918919 136)
[29, 34, 36, 52] (0.9324324324324325 138)
[40, 48, 58, 66] (0.918918918918919 136)
[7, 34, 58, 66] (0.9324324324324325 138)
[7, 29, 36, 66] (0.918918918918919 136)
[7, 29, 56, 62] (0.918918918918919 136)
[5, 34, 58, 60] (0.918918918918919 136)
[5, 34, 60, 66] (0.9121621621621622 135)
[5, 40, 52, 62] (0.9121621621621622 135)
[7, 36, 48, 66] (0.9054054054054054 134)
[34, 40, 52, 56] (0.9256756756756757 137)
[7, 34, 40, 62] (0.918918918918919 136)
[36, 60, 62, 66] (0.9054054054054054 134)
[56, 58, 62, 66] (0.9121621621621622 135)
[29, 40, 48, 52] (0.9324324324324325 138)
[29, 40, 58, 62] (0.9594594594594594 142)
[34, 40, 62, 66] (0.918918918918919 136)
[29, 34, 40, 48] (0.9054054054054054 134)
[5, 29, 52, 58] (0.9391891891891891 139)
[34, 52, 56, 60] (0.918918918918919 136)
[40, 56, 58, 62] (0.9256756756756757 137)
[5, 34, 40, 66] (0.9054054054054054 134)
[36, 48, 52, 60] (0.9324324324324325 138)
[36, 40, 52, 62] (0.918918918918919 136)
[5, 7, 29, 34] (0.9121621621621622 135)
[5, 58, 60, 66] (0.918918918918919 136)
[56, 58, 60, 66] (0.9391891891891891 139)
[29, 36, 52, 58] (0.9594594594594594 142)
[36, 52, 56, 60] (0.9054054054054054 134)
[7, 29, 56, 60] (0.9324324324324325 138)
[7, 52, 56, 62] (0.918918918918919 136)
[7, 40, 52, 66] (0.9527027027027027 141)
[34, 58, 62, 66] (0.9256756756756757 137)
[29, 48, 60, 66] (0.9256756756756757 137)
[7, 58, 62, 66] (0.9256756756756757 137)
[29, 34, 48, 60] (0.9054054054054054 134)
[5, 29, 34, 60] (0.918918918918919 136)
[7, 48, 58, 66] (0.9054054054054054 134)
[29, 40, 58, 60] (0.9797297297297297 145)
[5, 29, 58, 66] (0.918918918918919 136)
[29, 34, 60, 62] (0.9324324324324325 138)
[7, 34, 40, 60] (0.9324324324324325 138)
[34, 40, 52, 58] (0.9662162162162162 143)
[36, 58, 60, 62] (0.9121621621621622 135)
[7, 29, 48, 66] (0.9054054054054054 134)
[29, 58, 60, 62] (0.9527027027027027 141)
[34, 40, 60, 62] (0.9256756756756757 137)
[7, 34, 52, 66] (0.9324324324324325 138)
[7, 29, 36, 56] (0.9054054054054054 134)
[34, 52, 56, 62] (0.9121621621621622 135)
[40, 56, 58, 60] (0.9391891891891891 139)
[7, 40, 52, 58] (0.972972972972973 144)
[34, 36, 40, 66] (0.9054054054054054 134)
[34, 36, 40, 52] (0.9256756756756757 137)
[5, 52, 58, 60] (0.9256756756756757 137)
[48, 52, 60, 66] (0.9256756756756757 137)
[36, 40, 48, 58] (0.9324324324324325 138)
[7, 29, 36, 62] (0.9054054054054054 134)
[36, 40, 58, 66] (0.9324324324324325 138)
[29, 40, 52, 66] (0.972972972972973 144)
[7, 36, 48, 52] (0.918918918918919 136)
[7, 40, 56, 62] (0.9121621621621622 135)
[7, 56, 60, 66] (0.9256756756756757 137)
[5, 40, 52, 66] (0.9121621621621622 135)
[29, 40, 52, 56] (0.9527027027027027 141)
[7, 40, 48, 60] (0.9054054054054054 134)
[7, 29, 36, 58] (0.9391891891891891 139)
[7, 34, 40, 52] (0.9459459459459459 140)
[7, 29, 36, 48] (0.918918918918919 136)
[5, 7, 29, 58] (0.918918918918919 136)
[7, 34, 40, 66] (0.9256756756756757 137)
[29, 34, 40, 58] (0.9662162162162162 143)
[29, 34, 36, 60] (0.918918918918919 136)
[40, 56, 58, 66] (0.9324324324324325 138)
[7, 36, 52, 60] (0.9256756756756757 137)
[7, 40, 56, 58] (0.9391891891891891 139)
[34, 36, 40, 58] (0.9256756756756757 137)
[5, 34, 40, 62] (0.9054054054054054 134)
[7, 29, 36, 60] (0.9256756756756757 137)
[5, 7, 40, 58] (0.9121621621621622 135)
[34, 52, 62, 66] (0.9256756756756757 137)
[36, 40, 48, 52] (0.9324324324324325 138)
[7, 40, 52, 62] (0.9391891891891891 139)
[5, 52, 58, 62] (0.918918918918919 136)
[36, 40, 58, 60] (0.9391891891891891 139)
[7, 58, 60, 62] (0.9324324324324325 138)
[40, 56, 60, 62] (0.9121621621621622 135)
[7, 36, 48, 60] (0.9121621621621622 135)
[7, 29, 40, 60] (0.9594594594594594 142)
[29, 36, 56, 60] (0.9054054054054054 134)
[40, 58, 60, 62] (0.9459459459459459 140)
[40, 52, 58, 66] (0.972972972972973 144)
[7, 40, 56, 60] (0.9256756756756757 137)
[5, 40, 52, 58] (0.9324324324324325 138)
[7, 36, 40, 66] (0.9121621621621622 135)
[29, 34, 48, 52] (0.9121621621621622 135)
[5, 52, 60, 62] (0.9054054054054054 134)
[40, 48, 52, 66] (0.918918918918919 136)
[36, 58, 60, 66] (0.9391891891891891 139)
[7, 29, 48, 52] (0.918918918918919 136)
[29, 40, 48, 60] (0.9256756756756757 137)
[29, 48, 52, 58] (0.9391891891891891 139)
[36, 40, 52, 60] (0.9391891891891891 139)
[34, 48, 58, 60] (0.9054054054054054 134)
[5, 7, 52, 60] (0.9054054054054054 134)
[40, 60, 62, 66] (0.9391891891891891 139)
[7, 40, 48, 52] (0.9121621621621622 135)
[36, 48, 52, 62] (0.9054054054054054 134)
[34, 36, 58, 60] (0.918918918918919 136)
[34, 40, 60, 66] (0.9459459459459459 140)
[29, 36, 40, 48] (0.9324324324324325 138)
[7, 52, 62, 66] (0.9256756756756757 137)
[7, 36, 40, 48] (0.9121621621621622 135)
[7, 52, 56, 60] (0.9324324324324325 138)
[29, 34, 62, 66] (0.9256756756756757 137)
[29, 34, 36, 62] (0.9054054054054054 134)
[36, 40, 58, 62] (0.918918918918919 136)
[7, 36, 40, 58] (0.9324324324324325 138)
[29, 40, 56, 58] (0.9527027027027027 141)
[5, 29, 58, 62] (0.918918918918919 136)
[7, 40, 58, 66] (0.9527027027027027 141)
[29, 34, 40, 56] (0.9256756756756757 137)
[7, 29, 60, 66] (0.9594594594594594 142)
[29, 40, 52, 62] (0.9594594594594594 142)
[36, 52, 56, 58] (0.918918918918919 136)
[29, 36, 62, 66] (0.9054054054054054 134)
[7, 36, 52, 60, 66] (0.918918918918919 136)
[34, 52, 56, 58, 60] (0.918918918918919 136)
[29, 36, 40, 60, 62] (0.9054054054054054 134)
[29, 36, 52, 56, 60] (0.9054054054054054 134)
[34, 56, 58, 60, 66] (0.9121621621621622 135)
[29, 36, 40, 52, 60] (0.9391891891891891 139)
[34, 40, 52, 56, 66] (0.9054054054054054 134)
[29, 34, 36, 40, 66] (0.9054054054054054 134)
[29, 36, 40, 56, 58] (0.9121621621621622 135)
[7, 40, 52, 58, 66] (0.9527027027027027 141)
[34, 40, 52, 58, 62] (0.9391891891891891 139)
[7, 52, 58, 60, 66] (0.9594594594594594 142)
[7, 52, 58, 62, 66] (0.9256756756756757 137)
[7, 29, 40, 52, 62] (0.9391891891891891 139)
[7, 29, 36, 52, 60] (0.9256756756756757 137)
[29, 40, 56, 62, 66] (0.9054054054054054 134)
[29, 40, 52, 56, 66] (0.9324324324324325 138)
[5, 34, 40, 52, 66] (0.9054054054054054 134)
[5, 29, 34, 60, 66] (0.9121621621621622 135)
[34, 36, 48, 58, 60] (0.9054054054054054 134)
[7, 48, 52, 58, 66] (0.9054054054054054 134)
[29, 34, 52, 62, 66] (0.9256756756756757 137)
[48, 52, 58, 60, 66] (0.9256756756756757 137)
[7, 34, 56, 58, 60] (0.9054054054054054 134)
[29, 34, 56, 58, 60] (0.918918918918919 136)
[7, 40, 52, 56, 62] (0.9121621621621622 135)
[7, 34, 52, 62, 66] (0.9054054054054054 134)
[7, 29, 34, 62, 66] (0.9054054054054054 134)
[7, 29, 34, 52, 66] (0.9324324324324325 138)
[7, 36, 40, 48, 52] (0.9121621621621622 135)
[5, 29, 40, 52, 66] (0.9121621621621622 135)
[7, 34, 52, 56, 60] (0.9054054054054054 134)
[5, 29, 52, 58, 62] (0.918918918918919 136)
[7, 29, 34, 40, 52] (0.9459459459459459 140)
[7, 29, 36, 48, 66] (0.9054054054054054 134)
[5, 29, 34, 40, 52] (0.9256756756756757 137)
[29, 52, 58, 62, 66] (0.9459459459459459 140)
[7, 29, 60, 62, 66] (0.9256756756756757 137)
[5, 40, 52, 58, 66] (0.9121621621621622 135)
[7, 29, 36, 48, 52] (0.918918918918919 136)
[5, 7, 29, 34, 40] (0.9054054054054054 134)
[5, 7, 52, 58, 60] (0.9054054054054054 134)
[7, 48, 52, 60, 66] (0.9054054054054054 134)
[29, 34, 56, 58, 62] (0.9121621621621622 135)
[7, 40, 52, 56, 60] (0.9256756756756757 137)
[5, 29, 52, 58, 60] (0.9256756756756757 137)
[7, 29, 36, 40, 58] (0.9324324324324325 138)
[7, 52, 58, 60, 62] (0.9324324324324325 138)
[34, 40, 52, 58, 66] (0.9459459459459459 140)
[36, 40, 48, 52, 66] (0.918918918918919 136)
[7, 29, 40, 52, 66] (0.9527027027027027 141)
[40, 52, 58, 62, 66] (0.9391891891891891 139)
[29, 40, 56, 60, 62] (0.9121621621621622 135)
[5, 34, 40, 52, 62] (0.9054054054054054 134)
[29, 36, 40, 52, 62] (0.918918918918919 136)
[7, 34, 40, 58, 60] (0.9324324324324325 138)
[7, 29, 34, 58, 66] (0.9324324324324325 138)
[29, 40, 52, 58, 66] (0.972972972972973 144)
[29, 36, 48, 52, 66] (0.9256756756756757 137)
[5, 34, 40, 52, 60] (0.9121621621621622 135)
[7, 29, 34, 40, 56] (0.9121621621621622 135)
[7, 29, 36, 52, 66] (0.918918918918919 136)
[29, 40, 56, 58, 60] (0.9391891891891891 139)
[36, 48, 52, 58, 60] (0.9324324324324325 138)
[29, 40, 52, 60, 62] (0.9459459459459459 140)
[29, 34, 56, 60, 66] (0.9121621621621622 135)
[29, 40, 52, 56, 60] (0.9391891891891891 139)
[29, 34, 56, 58, 66] (0.9121621621621622 135)
[29, 40, 58, 62, 66] (0.9391891891891891 139)
[29, 34, 48, 52, 60] (0.9054054054054054 134)
[7, 34, 40, 58, 62] (0.918918918918919 136)
[36, 48, 52, 58, 62] (0.9054054054054054 134)
[7, 29, 34, 40, 58] (0.9459459459459459 140)
[34, 58, 60, 62, 66] (0.9256756756756757 137)
[29, 40, 56, 58, 62] (0.9256756756756757 137)
[29, 40, 56, 60, 66] (0.9324324324324325 138)
[29, 34, 40, 52, 66] (0.9459459459459459 140)
[40, 52, 56, 62, 66] (0.9054054054054054 134)
[7, 29, 40, 60, 66] (0.9527027027027027 141)
[5, 7, 34, 40, 52] (0.9054054054054054 134)
[34, 52, 56, 58, 66] (0.9121621621621622 135)
[34, 52, 56, 60, 66] (0.9121621621621622 135)
[7, 36, 48, 58, 66] (0.9054054054054054 134)
[29, 36, 40, 52, 66] (0.9324324324324325 138)
[34, 52, 58, 60, 62] (0.9324324324324325 138)
[5, 7, 40, 52, 58] (0.9121621621621622 135)
[40, 52, 60, 62, 66] (0.9391891891891891 139)
[7, 29, 34, 58, 62] (0.9256756756756757 137)
[7, 40, 52, 62, 66] (0.918918918918919 136)
[7, 29, 36, 52, 62] (0.9054054054054054 134)
[29, 34, 52, 58, 60] (0.9594594594594594 142)
[29, 36, 40, 60, 66] (0.9324324324324325 138)
[29, 40, 52, 60, 66] (0.972972972972973 144)
[29, 34, 40, 52, 60] (0.9527027027027027 141)
[7, 29, 52, 56, 58] (0.9459459459459459 140)
[7, 48, 52, 58, 60] (0.9121621621621622 135)
[5, 7, 34, 40, 58] (0.9054054054054054 134)
[29, 40, 48, 52, 60] (0.9256756756756757 137)
[7, 29, 40, 52, 60] (0.9594594594594594 142)
[7, 29, 52, 62, 66] (0.9256756756756757 137)
[7, 36, 48, 58, 60] (0.9121621621621622 135)
[5, 29, 40, 52, 60] (0.918918918918919 136)
[7, 36, 48, 60, 66] (0.9054054054054054 134)
[36, 40, 48, 60, 66] (0.918918918918919 136)
[7, 29, 34, 52, 60] (0.9391891891891891 139)
[7, 29, 34, 58, 60] (0.9391891891891891 139)
[7, 34, 40, 58, 66] (0.9256756756756757 137)
[7, 29, 48, 60, 66] (0.9054054054054054 134)
[7, 29, 40, 48, 52] (0.9121621621621622 135)
[34, 40, 52, 62, 66] (0.918918918918919 136)
[29, 34, 60, 62, 66] (0.9256756756756757 137)
[29, 40, 56, 58, 66] (0.9324324324324325 138)
[29, 34, 40, 56, 66] (0.9054054054054054 134)
[5, 29, 34, 40, 58] (0.9256756756756757 137)
[36, 48, 52, 58, 66] (0.9256756756756757 137)
[29, 40, 52, 56, 62] (0.9256756756756757 137)
[7, 29, 40, 60, 62] (0.9256756756756757 137)
[34, 52, 56, 58, 62] (0.9121621621621622 135)
[29, 36, 52, 60, 66] (0.9391891891891891 139)
[7, 36, 48, 52, 66] (0.9054054054054054 134)
[29, 34, 40, 52, 62] (0.9391891891891891 139)
[34, 40, 52, 58, 60] (0.9527027027027027 141)
[7, 29, 34, 52, 62] (0.9256756756756757 137)
[7, 29, 36, 40, 52] (0.9324324324324325 138)
[29, 34, 36, 40, 60] (0.9121621621621622 135)
[5, 29, 40, 52, 62] (0.9121621621621622 135)
[7, 29, 58, 62, 66] (0.9256756756756757 137)
[7, 40, 52, 56, 66] (0.918918918918919 136)
[7, 40, 48, 52, 60] (0.9054054054054054 134)
[34, 40, 58, 60, 66] (0.9459459459459459 140)
[40, 56, 58, 60, 62] (0.9121621621621622 135)
[36, 40, 52, 56, 58] (0.9121621621621622 135)
[29, 36, 56, 58, 60] (0.9054054054054054 134)
[7, 40, 52, 60, 66] (0.9527027027027027 141)
[29, 52, 60, 62, 66] (0.9459459459459459 140)
[7, 29, 34, 60, 66] (0.9324324324324325 138)
[7, 29, 58, 60, 62] (0.9324324324324325 138)
[29, 56, 58, 60, 62] (0.918918918918919 136)
[40, 58, 60, 62, 66] (0.9391891891891891 139)
[29, 34, 36, 58, 66] (0.9121621621621622 135)
[29, 36, 40, 48, 60] (0.9256756756756757 137)
[7, 36, 52, 58, 66] (0.918918918918919 136)
[7, 29, 56, 58, 66] (0.9256756756756757 137)
[29, 34, 36, 52, 58] (0.9324324324324325 138)
[29, 34, 52, 58, 62] (0.9459459459459459 140)
[7, 36, 40, 52, 60] (0.918918918918919 136)
[34, 36, 48, 52, 60] (0.9054054054054054 134)
[5, 7, 29, 52, 58] (0.918918918918919 136)
[7, 36, 52, 58, 60] (0.9256756756756757 137)
[29, 40, 52, 62, 66] (0.9391891891891891 139)
[29, 40, 48, 60, 66] (0.918918918918919 136)
[7, 36, 58, 60, 66] (0.918918918918919 136)
[7, 29, 56, 60, 62] (0.9054054054054054 134)
[7, 29, 56, 58, 60] (0.9324324324324325 138)
[40, 56, 58, 60, 66] (0.9324324324324325 138)
[34, 40, 58, 60, 62] (0.9256756756756757 137)
[36, 52, 58, 62, 66] (0.9054054054054054 134)
[7, 40, 60, 62, 66] (0.918918918918919 136)
[7, 40, 52, 60, 62] (0.9256756756756757 137)
[7, 36, 48, 52, 60] (0.9121621621621622 135)
[7, 36, 52, 56, 58] (0.9054054054054054 134)
[5, 7, 29, 40, 52] (0.9121621621621622 135)
[7, 29, 36, 52, 58] (0.9391891891891891 139)
[7, 36, 52, 58, 62] (0.9054054054054054 134)
[7, 29, 48, 58, 66] (0.9054054054054054 134)
[29, 34, 36, 58, 62] (0.9054054054054054 134)
[7, 29, 56, 58, 62] (0.918918918918919 136)
[29, 34, 52, 56, 58] (0.9324324324324325 138)
[29, 34, 48, 58, 60] (0.9054054054054054 134)
[34, 40, 56, 60, 66] (0.9054054054054054 134)
[29, 36, 52, 56, 58] (0.918918918918919 136)
[29, 34, 52, 58, 66] (0.9527027027027027 141)
[29, 40, 48, 52, 66] (0.918918918918919 136)
[36, 48, 52, 60, 66] (0.9256756756756757 137)
[29, 52, 56, 58, 66] (0.9391891891891891 139)
[7, 29, 48, 52, 66] (0.9054054054054054 134)
[7, 29, 56, 60, 66] (0.9256756756756757 137)
[29, 34, 36, 58, 60] (0.918918918918919 136)
[29, 40, 52, 58, 60] (0.9797297297297297 145)
[7, 36, 40, 48, 58] (0.9121621621621622 135)
[7, 34, 58, 62, 66] (0.9054054054054054 134)
[29, 36, 40, 48, 66] (0.918918918918919 136)
[29, 34, 40, 48, 58] (0.9054054054054054 134)
[7, 29, 40, 56, 58] (0.9391891891891891 139)
[36, 40, 52, 60, 62] (0.9054054054054054 134)
[29, 34, 40, 60, 62] (0.9256756756756757 137)
[7, 36, 40, 52, 66] (0.9121621621621622 135)
[5, 40, 52, 58, 62] (0.9121621621621622 135)
[5, 29, 34, 40, 60] (0.9121621621621622 135)
[36, 40, 58, 60, 66] (0.9324324324324325 138)
[29, 36, 48, 52, 62] (0.9054054054054054 134)
[34, 36, 52, 60, 66] (0.9121621621621622 135)
[7, 40, 48, 58, 60] (0.9054054054054054 134)
[29, 40, 52, 58, 62] (0.9594594594594594 142)
[7, 34, 40, 52, 66] (0.9256756756756757 137)
[34, 40, 52, 60, 62] (0.9256756756756757 137)
[7, 29, 40, 52, 58] (0.972972972972973 144)
[29, 36, 52, 62, 66] (0.9054054054054054 134)
[29, 36, 48, 52, 60] (0.9324324324324325 138)
[7, 40, 52, 58, 62] (0.9391891891891891 139)
[7, 34, 40, 52, 60] (0.9324324324324325 138)
[36, 40, 52, 60, 66] (0.9324324324324325 138)
[29, 34, 40, 60, 66] (0.9459459459459459 140)
[29, 56, 58, 62, 66] (0.9121621621621622 135)
[7, 29, 34, 60, 62] (0.9121621621621622 135)
[7, 29, 58, 60, 66] (0.9594594594594594 142)
[7, 29, 34, 36, 40] (0.9054054054054054 134)
[36, 52, 58, 60, 62] (0.9121621621621622 135)
[36, 40, 58, 60, 62] (0.9054054054054054 134)
[36, 40, 48, 52, 60] (0.9256756756756757 137)
[5, 34, 58, 60, 66] (0.9121621621621622 135)
[29, 34, 36, 40, 48] (0.9054054054054054 134)
[7, 40, 52, 58, 60] (0.9594594594594594 142)
[29, 34, 36, 48, 60] (0.9054054054054054 134)
[7, 29, 36, 60, 66] (0.918918918918919 136)
[29, 56, 58, 60, 66] (0.9391891891891891 139)
[7, 34, 40, 52, 62] (0.918918918918919 136)
[34, 36, 40, 52, 66] (0.9054054054054054 134)
[29, 34, 40, 48, 52] (0.9054054054054054 134)
[5, 29, 34, 52, 58] (0.9324324324324325 138)
[5, 7, 29, 40, 58] (0.9121621621621622 135)
[7, 34, 60, 62, 66] (0.9054054054054054 134)
[34, 40, 52, 60, 66] (0.9459459459459459 140)
[36, 52, 60, 62, 66] (0.9054054054054054 134)
[5, 40, 52, 58, 60] (0.918918918918919 136)
[29, 36, 52, 58, 66] (0.9391891891891891 139)
[5, 34, 52, 58, 62] (0.9121621621621622 135)
[7, 29, 34, 40, 62] (0.918918918918919 136)
[7, 29, 52, 56, 60] (0.9324324324324325 138)
[5, 29, 34, 40, 62] (0.9054054054054054 134)
[7, 29, 40, 56, 60] (0.9256756756756757 137)
[5, 7, 29, 58, 60] (0.9054054054054054 134)
[7, 29, 36, 40, 48] (0.9121621621621622 135)
[7, 34, 36, 52, 58] (0.9121621621621622 135)
[29, 40, 48, 58, 66] (0.918918918918919 136)
[7, 29, 34, 52, 58] (0.9527027027027027 141)
[29, 36, 48, 52, 58] (0.9391891891891891 139)
[7, 56, 58, 60, 62] (0.9054054054054054 134)
[29, 34, 36, 48, 52] (0.9121621621621622 135)
[7, 29, 36, 48, 58] (0.918918918918919 136)
[7, 34, 52, 60, 62] (0.9121621621621622 135)
[7, 29, 34, 40, 60] (0.9324324324324325 138)
[36, 52, 58, 60, 66] (0.9391891891891891 139)
[40, 48, 52, 60, 66] (0.918918918918919 136)
[5, 34, 52, 58, 60] (0.918918918918919 136)
[29, 36, 58, 60, 62] (0.9121621621621622 135)
[5, 7, 29, 34, 52] (0.9121621621621622 135)
[29, 48, 52, 60, 66] (0.9256756756756757 137)
[29, 52, 56, 62, 66] (0.9121621621621622 135)
[34, 40, 56, 58, 66] (0.9054054054054054 134)
[34, 36, 40, 52, 60] (0.9121621621621622 135)
[29, 56, 60, 62, 66] (0.9121621621621622 135)
[29, 40, 58, 60, 62] (0.9459459459459459 140)
[34, 36, 52, 58, 62] (0.9054054054054054 134)
[29, 36, 60, 62, 66] (0.9054054054054054 134)
[7, 52, 60, 62, 66] (0.9256756756756757 137)
[5, 52, 58, 60, 62] (0.9054054054054054 134)
[40, 56, 58, 62, 66] (0.9054054054054054 134)
[5, 34, 52, 60, 66] (0.9121621621621622 135)
[7, 29, 36, 40, 66] (0.9121621621621622 135)
[7, 29, 34, 52, 56] (0.918918918918919 136)
[29, 34, 36, 40, 58] (0.9256756756756757 137)
[7, 29, 52, 60, 62] (0.9324324324324325 138)
[52, 56, 60, 62, 66] (0.9121621621621622 135)
[29, 36, 48, 60, 66] (0.9256756756756757 137)
[5, 29, 34, 40, 66] (0.9054054054054054 134)
[36, 40, 48, 52, 58] (0.9324324324324325 138)
[29, 36, 52, 58, 62] (0.9256756756756757 137)
[7, 29, 34, 40, 66] (0.9256756756756757 137)
[29, 40, 52, 56, 58] (0.9527027027027027 141)
[7, 29, 40, 58, 60] (0.9594594594594594 142)
[5, 7, 29, 34, 58] (0.9121621621621622 135)
[7, 40, 48, 52, 58] (0.9121621621621622 135)
[34, 52, 58, 62, 66] (0.9256756756756757 137)
[34, 36, 52, 58, 60] (0.918918918918919 136)
[29, 34, 48, 52, 58] (0.9121621621621622 135)
[7, 36, 40, 60, 66] (0.9121621621621622 135)
[29, 34, 36, 40, 52] (0.9256756756756757 137)
[29, 40, 60, 62, 66] (0.9391891891891891 139)
[52, 56, 58, 62, 66] (0.9121621621621622 135)
[29, 52, 56, 58, 62] (0.9324324324324325 138)
[7, 29, 40, 52, 56] (0.9391891891891891 139)
[7, 29, 40, 58, 62] (0.9391891891891891 139)
[29, 36, 58, 60, 66] (0.9391891891891891 139)
[5, 40, 58, 60, 66] (0.9121621621621622 135)
[29, 36, 52, 58, 60] (0.9459459459459459 140)
[7, 34, 52, 60, 66] (0.9324324324324325 138)
[7, 29, 40, 56, 62] (0.9121621621621622 135)
[7, 29, 52, 56, 62] (0.918918918918919 136)
[5, 34, 40, 58, 66] (0.9054054054054054 134)
[29, 36, 40, 48, 58] (0.9324324324324325 138)
[29, 52, 56, 58, 60] (0.9459459459459459 140)
[29, 48, 58, 60, 66] (0.9256756756756757 137)
[40, 52, 56, 60, 66] (0.9324324324324325 138)
[5, 7, 34, 52, 58] (0.9121621621621622 135)
[5, 52, 58, 60, 66] (0.918918918918919 136)
[34, 40, 52, 56, 58] (0.9256756756756757 137)
[7, 29, 52, 60, 66] (0.9594594594594594 142)
[29, 34, 36, 48, 58] (0.9121621621621622 135)
[5, 29, 40, 52, 58] (0.9324324324324325 138)
[36, 48, 58, 60, 66] (0.9256756756756757 137)
[5, 29, 40, 60, 66] (0.9121621621621622 135)
[5, 34, 40, 58, 60] (0.9121621621621622 135)
[34, 52, 60, 62, 66] (0.9256756756756757 137)
[29, 34, 40, 56, 58] (0.9256756756756757 137)
[29, 34, 40, 52, 56] (0.9256756756756757 137)
[7, 34, 40, 52, 58] (0.9459459459459459 140)
[7, 34, 52, 58, 60] (0.9391891891891891 139)
[7, 36, 48, 52, 58] (0.918918918918919 136)
[29, 34, 36, 52, 62] (0.9054054054054054 134)
[7, 52, 56, 60, 62] (0.9054054054054054 134)
[7, 34, 36, 40, 58] (0.9054054054054054 134)
[7, 29, 48, 52, 58] (0.918918918918919 136)
[52, 58, 60, 62, 66] (0.9459459459459459 140)
[7, 29, 36, 40, 60] (0.918918918918919 136)
[7, 40, 52, 56, 58] (0.9391891891891891 139)
[5, 34, 40, 58, 62] (0.9054054054054054 134)
[29, 34, 40, 52, 58] (0.9662162162162162 143)
[40, 52, 56, 60, 62] (0.9121621621621622 135)
[40, 52, 56, 58, 66] (0.9324324324324325 138)
[7, 48, 58, 60, 66] (0.9054054054054054 134)
[7, 34, 40, 52, 56] (0.9121621621621622 135)
[29, 36, 48, 58, 66] (0.9256756756756757 137)
[5, 29, 52, 60, 66] (0.918918918918919 136)
[7, 29, 40, 58, 66] (0.9527027027027027 141)
[7, 29, 52, 56, 66] (0.9256756756756757 137)
[34, 52, 58, 60, 66] (0.9527027027027027 141)
[7, 29, 40, 48, 60] (0.9054054054054054 134)
[29, 36, 40, 52, 56] (0.9121621621621622 135)
[29, 34, 36, 52, 60] (0.918918918918919 136)
[7, 29, 48, 58, 60] (0.9121621621621622 135)
[29, 52, 56, 60, 62] (0.918918918918919 136)
[29, 34, 36, 60, 66] (0.9121621621621622 135)
[7, 29, 36, 52, 56] (0.9054054054054054 134)
[40, 52, 56, 58, 60] (0.9391891891891891 139)
[29, 36, 48, 58, 60] (0.9324324324324325 138)
[34, 36, 40, 58, 66] (0.9054054054054054 134)
[7, 29, 34, 56, 58] (0.918918918918919 136)
[7, 56, 58, 60, 66] (0.9256756756756757 137)
[29, 36, 40, 52, 58] (0.9527027027027027 141)
[7, 36, 40, 48, 60] (0.9054054054054054 134)
[29, 34, 36, 52, 66] (0.9121621621621622 135)
[7, 52, 56, 60, 66] (0.9256756756756757 137)
[7, 52, 56, 58, 66] (0.9256756756756757 137)
[29, 34, 58, 62, 66] (0.9256756756756757 137)
[34, 36, 40, 58, 60] (0.9121621621621622 135)
[29, 36, 48, 58, 62] (0.9054054054054054 134)
[40, 52, 56, 58, 62] (0.9256756756756757 137)
[7, 34, 52, 56, 58] (0.918918918918919 136)
[34, 36, 52, 58, 66] (0.9121621621621622 135)
[29, 52, 56, 60, 66] (0.9391891891891891 139)
[29, 40, 58, 60, 66] (0.972972972972973 144)
[7, 34, 36, 40, 52] (0.9054054054054054 134)
[36, 52, 56, 58, 60] (0.9054054054054054 134)
[29, 34, 52, 60, 66] (0.9527027027027027 141)
[7, 40, 58, 60, 62] (0.9256756756756757 137)
[5, 34, 40, 60, 66] (0.9054054054054054 134)
[7, 29, 36, 58, 62] (0.9054054054054054 134)
[29, 34, 40, 58, 62] (0.9391891891891891 139)
[7, 52, 56, 58, 60] (0.9324324324324325 138)
[29, 34, 40, 56, 62] (0.9054054054054054 134)
[29, 36, 52, 60, 62] (0.9121621621621622 135)
[29, 36, 40, 58, 60] (0.9391891891891891 139)
[34, 40, 48, 52, 58] (0.9054054054054054 134)
[5, 29, 34, 58, 60] (0.918918918918919 136)
[40, 52, 58, 60, 62] (0.9459459459459459 140)
[7, 29, 34, 36, 52] (0.9121621621621622 135)
[7, 34, 40, 60, 62] (0.9054054054054054 134)
[7, 29, 36, 58, 60] (0.9256756756756757 137)
[7, 36, 40, 58, 66] (0.9121621621621622 135)
[7, 52, 56, 58, 62] (0.918918918918919 136)
[5, 29, 58, 60, 66] (0.918918918918919 136)
[7, 34, 52, 58, 66] (0.9324324324324325 138)
[7, 29, 40, 62, 66] (0.918918918918919 136)
[40, 56, 60, 62, 66] (0.9054054054054054 134)
[29, 34, 40, 56, 60] (0.9121621621621622 135)
[29, 52, 58, 60, 62] (0.9527027027027027 141)
[5, 29, 34, 52, 60] (0.918918918918919 136)
[7, 29, 36, 56, 58] (0.9054054054054054 134)
[7, 34, 58, 60, 62] (0.9121621621621622 135)
[29, 36, 40, 58, 62] (0.918918918918919 136)
[5, 29, 34, 58, 62] (0.9121621621621622 135)
[7, 29, 52, 58, 66] (0.9594594594594594 142)
[29, 34, 52, 56, 66] (0.9121621621621622 135)
[29, 34, 52, 60, 62] (0.9324324324324325 138)
[7, 29, 34, 36, 58] (0.9121621621621622 135)
[7, 29, 40, 48, 58] (0.9121621621621622 135)
[7, 36, 40, 58, 60] (0.918918918918919 136)
[29, 48, 52, 58, 60] (0.9324324324324325 138)
[29, 34, 40, 58, 66] (0.9459459459459459 140)
[34, 36, 40, 48, 58] (0.9054054054054054 134)
[5, 29, 34, 52, 62] (0.9121621621621622 135)
[56, 58, 60, 62, 66] (0.9121621621621622 135)
[7, 40, 56, 60, 66] (0.918918918918919 136)
[7, 34, 40, 60, 66] (0.9256756756756757 137)
[34, 48, 52, 58, 60] (0.9054054054054054 134)
[29, 48, 52, 58, 62] (0.9054054054054054 134)
[5, 29, 40, 58, 66] (0.9121621621621622 135)
[7, 29, 34, 56, 60] (0.9054054054054054 134)
[29, 52, 58, 60, 66] (0.9797297297297297 145)
[7, 34, 52, 58, 62] (0.9256756756756757 137)
[5, 29, 52, 60, 62] (0.9054054054054054 134)
[36, 58, 60, 62, 66] (0.9054054054054054 134)
[5, 29, 34, 58, 66] (0.9121621621621622 135)
[29, 36, 40, 58, 66] (0.9324324324324325 138)
[7, 34, 58, 60, 66] (0.9324324324324325 138)
[29, 34, 52, 56, 62] (0.9121621621621622 135)
[7, 40, 58, 62, 66] (0.918918918918919 136)
[29, 34, 40, 62, 66] (0.918918918918919 136)
[36, 40, 52, 58, 62] (0.918918918918919 136)
[29, 40, 48, 52, 58] (0.9324324324324325 138)
[5, 29, 34, 52, 66] (0.9121621621621622 135)
[29, 36, 58, 62, 66] (0.9054054054054054 134)
[34, 36, 40, 52, 58] (0.9256756756756757 137)
[7, 40, 56, 58, 60] (0.9256756756756757 137)
[34, 40, 56, 58, 60] (0.9121621621621622 135)
[5, 40, 52, 60, 66] (0.9121621621621622 135)
[40, 48, 58, 60, 66] (0.918918918918919 136)
[52, 56, 58, 60, 66] (0.9391891891891891 139)
[40, 48, 52, 58, 66] (0.918918918918919 136)
[36, 40, 48, 58, 66] (0.918918918918919 136)
[29, 34, 52, 56, 60] (0.918918918918919 136)
[34, 36, 40, 60, 66] (0.9054054054054054 134)
[5, 29, 40, 58, 62] (0.9121621621621622 135)
[34, 36, 40, 48, 52] (0.9054054054054054 134)
[34, 36, 58, 60, 66] (0.9121621621621622 135)
[29, 48, 52, 58, 66] (0.9256756756756757 137)
[36, 40, 52, 58, 60] (0.9391891891891891 139)
[7, 40, 56, 58, 62] (0.9121621621621622 135)
[34, 40, 58, 62, 66] (0.918918918918919 136)
[7, 29, 40, 56, 66] (0.918918918918919 136)
[29, 34, 58, 60, 66] (0.9527027027027027 141)
[34, 36, 48, 52, 58] (0.9121621621621622 135)
[7, 29, 36, 58, 66] (0.918918918918919 136)
[7, 40, 58, 60, 66] (0.9527027027027027 141)
[5, 29, 52, 58, 66] (0.918918918918919 136)
[34, 40, 52, 56, 60] (0.9121621621621622 135)
[40, 52, 58, 60, 66] (0.972972972972973 144)
[5, 29, 40, 58, 60] (0.918918918918919 136)
[29, 36, 40, 48, 52] (0.9324324324324325 138)
[34, 40, 60, 62, 66] (0.918918918918919 136)
[7, 29, 52, 58, 60] (0.9662162162162162 143)
[5, 34, 40, 52, 58] (0.9256756756756757 137)
[7, 34, 40, 56, 58] (0.9121621621621622 135)
[7, 58, 60, 62, 66] (0.9256756756756757 137)
[36, 40, 52, 58, 66] (0.9324324324324325 138)
[7, 29, 36, 48, 60] (0.9121621621621622 135)
[52, 56, 58, 60, 62] (0.918918918918919 136)
[5, 34, 52, 58, 66] (0.9121621621621622 135)
[29, 40, 48, 58, 60] (0.9256756756756757 137)
[29, 58, 60, 62, 66] (0.9459459459459459 140)
[7, 29, 48, 52, 60] (0.9121621621621622 135)
[34, 40, 52, 56, 62] (0.9054054054054054 134)
[29, 34, 40, 58, 60] (0.9527027027027027 141)
[5, 7, 29, 52, 60] (0.9054054054054054 134)
[5, 29, 58, 60, 62] (0.9054054054054054 134)
[34, 40, 56, 58, 62] (0.9054054054054054 134)
[7, 40, 56, 58, 66] (0.918918918918919 136)
[7, 36, 40, 52, 58] (0.9324324324324325 138)
[29, 34, 58, 60, 62] (0.9324324324324325 138)
[36, 40, 48, 58, 60] (0.9256756756756757 137)
[7, 29, 52, 58, 62] (0.9459459459459459 140)
[40, 48, 52, 58, 60] (0.9256756756756757 137)
[7, 29, 40, 60, 62, 66] (0.918918918918919 136)
[36, 48, 52, 58, 60, 66] (0.9256756756756757 137)
[29, 34, 56, 58, 60, 66] (0.9121621621621622 135)
[7, 29, 52, 56, 58, 60] (0.9324324324324325 138)
[7, 29, 48, 52, 58, 66] (0.9054054054054054 134)
[7, 29, 34, 40, 58, 60] (0.9324324324324325 138)
[7, 29, 34, 52, 56, 58] (0.918918918918919 136)
[5, 29, 40, 58, 60, 66] (0.9121621621621622 135)
[5, 7, 29, 34, 40, 58] (0.9054054054054054 134)
[7, 34, 40, 58, 60, 62] (0.9054054054054054 134)
[7, 29, 52, 56, 58, 62] (0.918918918918919 136)
[36, 40, 52, 58, 60, 66] (0.9324324324324325 138)
[7, 29, 34, 40, 56, 58] (0.9121621621621622 135)
[7, 29, 34, 40, 58, 62] (0.918918918918919 136)
[29, 34, 40, 48, 52, 58] (0.9054054054054054 134)
[5, 29, 40, 52, 60, 66] (0.9121621621621622 135)
[7, 36, 48, 52, 58, 66] (0.9054054054054054 134)
[7, 34, 40, 52, 60, 62] (0.9054054054054054 134)
[5, 29, 34, 40, 60, 66] (0.9054054054054054 134)
[7, 29, 34, 40, 52, 60] (0.9324324324324325 138)
[7, 34, 36, 40, 52, 58] (0.9054054054054054 134)
[7, 29, 34, 36, 40, 58] (0.9054054054054054 134)
[29, 36, 48, 52, 58, 60] (0.9324324324324325 138)
[7, 29, 34, 58, 60, 66] (0.9324324324324325 138)
[29, 36, 58, 60, 62, 66] (0.9054054054054054 134)
[29, 40, 48, 52, 58, 60] (0.9256756756756757 137)
[7, 29, 52, 56, 58, 66] (0.9256756756756757 137)
[7, 52, 58, 60, 62, 66] (0.9256756756756757 137)
[7, 29, 48, 52, 58, 60] (0.9121621621621622 135)
[5, 7, 34, 40, 52, 58] (0.9054054054054054 134)
[29, 36, 48, 52, 58, 62] (0.9054054054054054 134)
[29, 40, 48, 52, 58, 66] (0.918918918918919 136)
[29, 36, 52, 58, 60, 62] (0.9121621621621622 135)
[7, 34, 52, 58, 60, 66] (0.9324324324324325 138)
[29, 34, 36, 40, 48, 58] (0.9054054054054054 134)
[7, 29, 34, 36, 52, 58] (0.9121621621621622 135)
[7, 29, 36, 40, 60, 66] (0.9121621621621622 135)
[7, 34, 52, 60, 62, 66] (0.9054054054054054 134)
[7, 36, 48, 52, 58, 60] (0.9121621621621622 135)
[29, 40, 52, 56, 58, 60] (0.9391891891891891 139)
[29, 34, 40, 52, 60, 62] (0.9256756756756757 137)
[29, 36, 48, 52, 60, 66] (0.9256756756756757 137)
[7, 40, 52, 56, 60, 66] (0.918918918918919 136)
[7, 40, 56, 58, 60, 66] (0.918918918918919 136)
[29, 40, 52, 56, 58, 62] (0.9256756756756757 137)
[7, 36, 40, 48, 58, 60] (0.9054054054054054 134)
[7, 29, 36, 40, 52, 60] (0.918918918918919 136)
[5, 29, 52, 58, 60, 66] (0.918918918918919 136)
[5, 34, 40, 52, 60, 66] (0.9054054054054054 134)
[5, 29, 34, 52, 60, 66] (0.9121621621621622 135)
[29, 36, 52, 58, 60, 66] (0.9391891891891891 139)
[29, 40, 48, 58, 60, 66] (0.918918918918919 136)
[7, 34, 52, 58, 60, 62] (0.9121621621621622 135)
[29, 34, 36, 58, 60, 66] (0.9121621621621622 135)
[29, 40, 52, 56, 62, 66] (0.9054054054054054 134)
[5, 7, 29, 40, 52, 58] (0.9121621621621622 135)
[7, 29, 40, 48, 52, 58] (0.9121621621621622 135)
[29, 36, 40, 48, 60, 66] (0.918918918918919 136)
[7, 29, 36, 40, 52, 66] (0.9121621621621622 135)
[7, 34, 40, 58, 60, 66] (0.9256756756756757 137)
[40, 52, 58, 60, 62, 66] (0.9391891891891891 139)
[29, 40, 56, 60, 62, 66] (0.9054054054054054 134)
[29, 34, 52, 58, 62, 66] (0.9256756756756757 137)
[29, 36, 40, 58, 60, 66] (0.9324324324324325 138)
[7, 29, 34, 60, 62, 66] (0.9054054054054054 134)
[29, 34, 40, 52, 60, 66] (0.9459459459459459 140)
[29, 34, 36, 40, 48, 52] (0.9054054054054054 134)
[7, 29, 36, 48, 52, 66] (0.9054054054054054 134)
[7, 29, 36, 48, 58, 60] (0.9121621621621622 135)
[29, 52, 58, 60, 62, 66] (0.9459459459459459 140)
[7, 36, 48, 52, 60, 66] (0.9054054054054054 134)
[7, 34, 52, 56, 58, 60] (0.9054054054054054 134)
[40, 52, 56, 58, 62, 66] (0.9054054054054054 134)
[7, 29, 36, 48, 58, 66] (0.9054054054054054 134)
[7, 40, 52, 58, 62, 66] (0.918918918918919 136)
[7, 36, 40, 48, 52, 58] (0.9121621621621622 135)
[29, 34, 36, 40, 58, 60] (0.9121621621621622 135)
[7, 29, 56, 58, 60, 66] (0.9256756756756757 137)
[7, 29, 52, 58, 62, 66] (0.9256756756756757 137)
[5, 29, 34, 52, 58, 60] (0.918918918918919 136)
[29, 34, 36, 48, 58, 60] (0.9054054054054054 134)
[52, 56, 58, 60, 62, 66] (0.9121621621621622 135)
[29, 34, 52, 56, 60, 66] (0.9121621621621622 135)
[29, 36, 52, 60, 62, 66] (0.9054054054054054 134)
[29, 34, 40, 52, 58, 66] (0.9459459459459459 140)
[29, 36, 40, 48, 52, 58] (0.9324324324324325 138)
[29, 36, 40, 58, 60, 62] (0.9054054054054054 134)
[5, 29, 34, 52, 58, 62] (0.9121621621621622 135)
[7, 40, 52, 58, 60, 66] (0.9527027027027027 141)
[7, 34, 58, 60, 62, 66] (0.9054054054054054 134)
[29, 34, 48, 52, 58, 60] (0.9054054054054054 134)
[7, 29, 56, 58, 60, 62] (0.9054054054054054 134)
[7, 29, 40, 52, 56, 58] (0.9391891891891891 139)
[34, 40, 52, 56, 58, 60] (0.9121621621621622 135)
[34, 40, 58, 60, 62, 66] (0.918918918918919 136)
[7, 29, 36, 48, 52, 60] (0.9121621621621622 135)
[7, 29, 36, 40, 48, 60] (0.9054054054054054 134)
[7, 29, 34, 52, 60, 62] (0.9121621621621622 135)
[7, 29, 34, 52, 60, 66] (0.9324324324324325 138)
[7, 29, 36, 48, 60, 66] (0.9054054054054054 134)
[5, 29, 34, 40, 52, 66] (0.9054054054054054 134)
[29, 34, 40, 52, 62, 66] (0.918918918918919 136)
[7, 40, 52, 58, 60, 62] (0.9256756756756757 137)
[5, 29, 34, 52, 58, 66] (0.9121621621621622 135)
[29, 52, 56, 60, 62, 66] (0.9121621621621622 135)
[34, 40, 52, 58, 60, 66] (0.9459459459459459 140)
[29, 52, 56, 58, 62, 66] (0.9121621621621622 135)
[29, 34, 36, 52, 60, 66] (0.9121621621621622 135)
[7, 40, 48, 52, 58, 60] (0.9054054054054054 134)
[7, 29, 34, 40, 52, 66] (0.9256756756756757 137)
[34, 36, 48, 52, 58, 60] (0.9054054054054054 134)
[7, 40, 58, 60, 62, 66] (0.918918918918919 136)
[5, 29, 34, 40, 52, 62] (0.9054054054054054 134)
[40, 48, 52, 58, 60, 66] (0.918918918918919 136)
[7, 29, 34, 40, 58, 66] (0.9256756756756757 137)
[29, 34, 36, 52, 58, 62] (0.9054054054054054 134)
[36, 52, 58, 60, 62, 66] (0.9054054054054054 134)
[29, 36, 48, 52, 58, 66] (0.9256756756756757 137)
[7, 29, 34, 36, 40, 52] (0.9054054054054054 134)
[29, 40, 52, 56, 60, 62] (0.9121621621621622 135)
[29, 34, 36, 40, 58, 66] (0.9054054054054054 134)
[7, 29, 34, 40, 52, 62] (0.918918918918919 136)
[29, 34, 40, 58, 62, 66] (0.918918918918919 136)
[29, 40, 52, 60, 62, 66] (0.9391891891891891 139)
[34, 40, 52, 58, 60, 62] (0.9256756756756757 137)
[5, 29, 34, 40, 58, 66] (0.9054054054054054 134)
[5, 29, 34, 40, 52, 60] (0.9121621621621622 135)
[29, 34, 36, 48, 52, 58] (0.9121621621621622 135)
[29, 36, 48, 58, 60, 66] (0.9256756756756757 137)
[29, 34, 36, 52, 58, 66] (0.9121621621621622 135)
[5, 29, 34, 40, 58, 60] (0.9121621621621622 135)
[7, 48, 52, 58, 60, 66] (0.9054054054054054 134)
[29, 40, 48, 52, 60, 66] (0.918918918918919 136)
[29, 40, 52, 56, 60, 66] (0.9324324324324325 138)
[40, 52, 56, 58, 60, 62] (0.9121621621621622 135)
[29, 34, 40, 52, 58, 62] (0.9391891891891891 139)
[36, 40, 52, 58, 60, 62] (0.9054054054054054 134)
[34, 40, 56, 58, 60, 66] (0.9054054054054054 134)
[34, 36, 40, 58, 60, 66] (0.9054054054054054 134)
[29, 34, 52, 60, 62, 66] (0.9256756756756757 137)
[7, 29, 34, 52, 62, 66] (0.9054054054054054 134)
[29, 34, 40, 52, 58, 60] (0.9527027027027027 141)
[5, 29, 34, 40, 58, 62] (0.9054054054054054 134)
[5, 29, 40, 52, 58, 66] (0.9121621621621622 135)
[29, 34, 40, 56, 58, 62] (0.9054054054054054 134)
[7, 40, 52, 60, 62, 66] (0.918918918918919 136)
[29, 34, 40, 56, 60, 66] (0.9054054054054054 134)
[7, 52, 56, 58, 60, 62] (0.9054054054054054 134)
[29, 34, 40, 58, 60, 66] (0.9459459459459459 140)
[29, 36, 40, 48, 52, 60] (0.9256756756756757 137)
[5, 29, 34, 58, 60, 66] (0.9121621621621622 135)
[7, 29, 34, 52, 58, 62] (0.9256756756756757 137)
[7, 29, 40, 52, 58, 66] (0.9527027027027027 141)
[29, 34, 40, 52, 56, 60] (0.9121621621621622 135)
[7, 36, 40, 58, 60, 66] (0.9121621621621622 135)
[29, 36, 40, 52, 58, 60] (0.9391891891891891 139)
[29, 34, 36, 52, 58, 60] (0.918918918918919 136)
[7, 29, 36, 52, 56, 58] (0.9054054054054054 134)
[7, 36, 40, 48, 52, 60] (0.9054054054054054 134)
[29, 34, 40, 56, 58, 66] (0.9054054054054054 134)
[7, 29, 40, 58, 60, 62] (0.9256756756756757 137)
[7, 29, 40, 56, 58, 62] (0.9121621621621622 135)
[7, 40, 52, 56, 58, 60] (0.9256756756756757 137)
[40, 52, 56, 58, 60, 66] (0.9324324324324325 138)
[5, 29, 40, 52, 58, 60] (0.918918918918919 136)
[7, 29, 40, 48, 52, 60] (0.9054054054054054 134)
[7, 29, 34, 52, 58, 60] (0.9391891891891891 139)
[5, 34, 52, 58, 60, 66] (0.9121621621621622 135)
[29, 40, 52, 58, 60, 66] (0.972972972972973 144)
[7, 29, 36, 48, 52, 58] (0.918918918918919 136)
[29, 34, 40, 52, 56, 62] (0.9054054054054054 134)
[7, 29, 40, 52, 58, 60] (0.9594594594594594 142)
[29, 36, 40, 52, 58, 62] (0.918918918918919 136)
[29, 34, 40, 52, 56, 66] (0.9054054054054054 134)
[7, 29, 40, 52, 60, 62] (0.9256756756756757 137)
[7, 29, 40, 56, 58, 60] (0.9256756756756757 137)
[36, 40, 48, 52, 60, 66] (0.918918918918919 136)
[7, 29, 36, 40, 58, 66] (0.9121621621621622 135)
[29, 36, 52, 56, 58, 60] (0.9054054054054054 134)
[5, 29, 40, 52, 58, 62] (0.9121621621621622 135)
[7, 40, 52, 56, 58, 62] (0.9121621621621622 135)
[7, 29, 40, 58, 60, 66] (0.9527027027027027 141)
[7, 29, 40, 52, 58, 62] (0.9391891891891891 139)
[7, 36, 48, 58, 60, 66] (0.9054054054054054 134)
[7, 29, 52, 56, 60, 66] (0.9256756756756757 137)
[29, 36, 40, 48, 52, 66] (0.918918918918919 136)
[7, 29, 40, 56, 58, 66] (0.918918918918919 136)
[34, 36, 52, 58, 60, 66] (0.9121621621621622 135)
[7, 29, 40, 52, 56, 62] (0.9121621621621622 135)
[29, 48, 52, 58, 60, 66] (0.9256756756756757 137)
[7, 29, 36, 40, 58, 60] (0.918918918918919 136)
[36, 40, 48, 52, 58, 66] (0.918918918918919 136)
[7, 29, 34, 58, 62, 66] (0.9054054054054054 134)
[5, 7, 29, 52, 58, 60] (0.9054054054054054 134)
[7, 36, 40, 52, 58, 66] (0.9121621621621622 135)
[7, 29, 52, 56, 60, 62] (0.9054054054054054 134)
[34, 40, 52, 58, 62, 66] (0.918918918918919 136)
[34, 40, 52, 56, 58, 62] (0.9054054054054054 134)
[29, 34, 40, 60, 62, 66] (0.918918918918919 136)
[29, 40, 52, 58, 60, 62] (0.9459459459459459 140)
[29, 34, 52, 58, 60, 66] (0.9527027027027027 141)
[7, 29, 40, 52, 56, 60] (0.9256756756756757 137)
[7, 29, 40, 56, 60, 66] (0.918918918918919 136)
[7, 29, 40, 52, 60, 66] (0.9527027027027027 141)
[29, 36, 40, 52, 58, 66] (0.9324324324324325 138)
[7, 29, 36, 52, 58, 66] (0.918918918918919 136)
[7, 29, 40, 48, 58, 60] (0.9054054054054054 134)
[7, 29, 48, 58, 60, 66] (0.9054054054054054 134)
[34, 36, 40, 52, 60, 66] (0.9054054054054054 134)
[5, 34, 40, 52, 58, 66] (0.9054054054054054 134)
[29, 34, 58, 60, 62, 66] (0.9256756756756757 137)
[7, 40, 52, 56, 58, 66] (0.918918918918919 136)
[29, 36, 40, 52, 60, 62] (0.9054054054054054 134)
[7, 34, 40, 52, 58, 66] (0.9256756756756757 137)
[29, 34, 36, 40, 52, 58] (0.9256756756756757 137)
[7, 29, 48, 52, 60, 66] (0.9054054054054054 134)
[29, 40, 56, 58, 62, 66] (0.9054054054054054 134)
[5, 40, 52, 58, 60, 66] (0.9121621621621622 135)
[34, 40, 52, 60, 62, 66] (0.918918918918919 136)
[34, 40, 52, 56, 58, 66] (0.9054054054054054 134)
[5, 34, 40, 52, 58, 60] (0.9121621621621622 135)
[7, 29, 36, 40, 48, 58] (0.9121621621621622 135)
[7, 29, 58, 60, 62, 66] (0.9256756756756757 137)
[29, 40, 58, 60, 62, 66] (0.9391891891891891 139)
[29, 34, 52, 58, 60, 62] (0.9324324324324325 138)
[29, 34, 40, 56, 58, 60] (0.9121621621621622 135)
[7, 29, 34, 52, 58, 66] (0.9324324324324325 138)
[29, 36, 40, 52, 60, 66] (0.9324324324324325 138)
[7, 29, 40, 52, 56, 66] (0.918918918918919 136)
[36, 40, 48, 52, 58, 60] (0.9256756756756757 137)
[5, 34, 40, 52, 58, 62] (0.9054054054054054 134)
[29, 52, 56, 58, 60, 62] (0.918918918918919 136)
[29, 40, 52, 58, 62, 66] (0.9391891891891891 139)
[7, 29, 34, 40, 60, 66] (0.9256756756756757 137)
[29, 34, 36, 40, 60, 66] (0.9054054054054054 134)
[29, 34, 36, 40, 52, 66] (0.9054054054054054 134)
[7, 34, 40, 52, 58, 62] (0.918918918918919 136)
[7, 29, 34, 56, 58, 60] (0.9054054054054054 134)
[34, 52, 58, 60, 62, 66] (0.9256756756756757 137)
[29, 56, 58, 60, 62, 66] (0.9121621621621622 135)
[7, 29, 40, 58, 62, 66] (0.918918918918919 136)
[29, 34, 52, 56, 58, 60] (0.918918918918919 136)
[7, 29, 34, 40, 60, 62] (0.9054054054054054 134)
[34, 52, 56, 58, 60, 66] (0.9121621621621622 135)
[29, 52, 56, 58, 60, 66] (0.9391891891891891 139)
[7, 29, 40, 52, 62, 66] (0.918918918918919 136)
[5, 29, 34, 40, 52, 58] (0.9256756756756757 137)
[29, 34, 36, 48, 52, 60] (0.9054054054054054 134)
[29, 34, 36, 40, 52, 60] (0.9121621621621622 135)
[7, 36, 40, 52, 60, 66] (0.9121621621621622 135)
[29, 34, 52, 56, 58, 62] (0.9121621621621622 135)
[29, 40, 56, 58, 60, 62] (0.9121621621621622 135)
[7, 29, 52, 60, 62, 66] (0.9256756756756757 137)
[5, 34, 40, 58, 60, 66] (0.9054054054054054 134)
[7, 29, 36, 52, 58, 60] (0.9256756756756757 137)
[7, 36, 52, 58, 60, 66] (0.918918918918919 136)
[29, 36, 40, 52, 56, 58] (0.9121621621621622 135)
[7, 34, 40, 52, 56, 58] (0.9121621621621622 135)
[7, 29, 36, 40, 48, 52] (0.9121621621621622 135)
[29, 36, 52, 58, 62, 66] (0.9054054054054054 134)
[7, 36, 40, 52, 58, 60] (0.918918918918919 136)
[29, 40, 56, 58, 60, 66] (0.9324324324324325 138)
[7, 29, 36, 52, 58, 62] (0.9054054054054054 134)
[7, 34, 40, 52, 58, 60] (0.9324324324324325 138)
[29, 36, 40, 48, 58, 60] (0.9256756756756757 137)
[34, 36, 40, 52, 58, 66] (0.9054054054054054 134)
[29, 34, 52, 56, 58, 66] (0.9121621621621622 135)
[29, 36, 40, 48, 58, 66] (0.918918918918919 136)
[29, 40, 52, 56, 58, 66] (0.9324324324324325 138)
[7, 29, 52, 58, 60, 66] (0.9594594594594594 142)
[5, 29, 52, 58, 60, 62] (0.9054054054054054 134)
[7, 29, 52, 58, 60, 62] (0.9324324324324325 138)
[7, 29, 34, 58, 60, 62] (0.9121621621621622 135)
[34, 36, 40, 48, 52, 58] (0.9054054054054054 134)
[7, 29, 36, 58, 60, 66] (0.918918918918919 136)
[7, 29, 34, 52, 56, 60] (0.9054054054054054 134)
[29, 34, 40, 52, 56, 58] (0.9256756756756757 137)
[7, 29, 36, 40, 52, 58] (0.9324324324324325 138)
[34, 40, 52, 56, 60, 66] (0.9054054054054054 134)
[7, 52, 56, 58, 60, 66] (0.9256756756756757 137)
[34, 36, 40, 52, 58, 60] (0.9121621621621622 135)
[5, 7, 29, 34, 52, 58] (0.9121621621621622 135)
[5, 7, 29, 34, 40, 52] (0.9054054054054054 134)
[7, 29, 36, 52, 60, 66] (0.918918918918919 136)
[7, 29, 34, 40, 52, 56] (0.9121621621621622 135)
[36, 40, 48, 58, 60, 66] (0.918918918918919 136)
[7, 34, 40, 52, 60, 66] (0.9256756756756757 137)
[7, 34, 52, 58, 62, 66] (0.9054054054054054 134)
[40, 56, 58, 60, 62, 66] (0.9054054054054054 134)
[40, 52, 56, 60, 62, 66] (0.9054054054054054 134)
[7, 29, 34, 40, 52, 58] (0.9459459459459459 140)
[29, 34, 40, 58, 60, 62] (0.9256756756756757 137)
[29, 34, 36, 40, 48, 52, 58] (0.9054054054054054 134)
[7, 29, 36, 40, 58, 60, 66] (0.9121621621621622 135)
[34, 36, 40, 52, 58, 60, 66] (0.9054054054054054 134)
[5, 29, 34, 40, 52, 58, 62] (0.9054054054054054 134)
[29, 34, 36, 40, 58, 60, 66] (0.9054054054054054 134)
[7, 36, 40, 48, 52, 58, 60] (0.9054054054054054 134)
[7, 40, 52, 58, 60, 62, 66] (0.918918918918919 136)
[29, 52, 56, 58, 60, 62, 66] (0.9121621621621622 135)
[7, 29, 34, 52, 58, 62, 66] (0.9054054054054054 134)
[29, 36, 52, 58, 60, 62, 66] (0.9054054054054054 134)
[29, 40, 52, 56, 58, 62, 66] (0.9054054054054054 134)
[7, 29, 48, 52, 58, 60, 66] (0.9054054054054054 134)
[7, 34, 40, 52, 58, 60, 62] (0.9054054054054054 134)
[7, 29, 36, 40, 52, 60, 66] (0.9121621621621622 135)
[5, 29, 34, 40, 52, 58, 60] (0.9121621621621622 135)
[29, 34, 40, 52, 60, 62, 66] (0.918918918918919 136)
[7, 29, 34, 40, 52, 58, 60] (0.9324324324324325 138)
[7, 36, 40, 52, 58, 60, 66] (0.9121621621621622 135)
[7, 29, 34, 58, 60, 62, 66] (0.9054054054054054 134)
[7, 29, 40, 52, 60, 62, 66] (0.918918918918919 136)
[7, 29, 52, 58, 60, 62, 66] (0.9256756756756757 137)
[7, 29, 34, 40, 52, 58, 62] (0.918918918918919 136)
[7, 40, 52, 56, 58, 60, 66] (0.918918918918919 136)
[29, 36, 40, 48, 52, 58, 60] (0.9256756756756757 137)
[29, 34, 36, 40, 52, 60, 66] (0.9054054054054054 134)
[29, 40, 52, 56, 58, 60, 62] (0.9121621621621622 135)
[29, 40, 52, 58, 60, 62, 66] (0.9391891891891891 139)
[29, 34, 40, 52, 56, 58, 66] (0.9054054054054054 134)
[5, 7, 29, 34, 40, 52, 58] (0.9054054054054054 134)
[7, 29, 36, 52, 58, 60, 66] (0.918918918918919 136)
[36, 40, 48, 52, 58, 60, 66] (0.918918918918919 136)
[29, 34, 40, 52, 56, 60, 66] (0.9054054054054054 134)
[7, 36, 48, 52, 58, 60, 66] (0.9054054054054054 134)
[5, 29, 34, 52, 58, 60, 66] (0.9121621621621622 135)
[40, 52, 56, 58, 60, 62, 66] (0.9054054054054054 134)
[29, 36, 48, 52, 58, 60, 66] (0.9256756756756757 137)
[29, 34, 40, 52, 58, 60, 66] (0.9459459459459459 140)
[7, 29, 36, 48, 58, 60, 66] (0.9054054054054054 134)
[29, 40, 52, 56, 58, 60, 66] (0.9324324324324325 138)
[7, 29, 40, 52, 58, 60, 62] (0.9256756756756757 137)
[29, 34, 36, 52, 58, 60, 66] (0.9121621621621622 135)
[29, 34, 40, 52, 56, 58, 62] (0.9054054054054054 134)
[7, 29, 36, 40, 52, 58, 60] (0.918918918918919 136)
[29, 34, 40, 52, 56, 58, 60] (0.9121621621621622 135)
[29, 34, 36, 48, 52, 58, 60] (0.9054054054054054 134)
[7, 29, 36, 40, 52, 58, 66] (0.9121621621621622 135)
[7, 29, 40, 52, 56, 58, 62] (0.9121621621621622 135)
[29, 36, 40, 48, 58, 60, 66] (0.918918918918919 136)
[7, 29, 52, 56, 58, 60, 66] (0.9256756756756757 137)
[5, 34, 40, 52, 58, 60, 66] (0.9054054054054054 134)
[7, 29, 40, 56, 58, 60, 66] (0.918918918918919 136)
[7, 29, 34, 40, 52, 60, 66] (0.9256756756756757 137)
[7, 29, 34, 40, 58, 60, 62] (0.9054054054054054 134)
[7, 29, 40, 52, 56, 58, 66] (0.918918918918919 136)
[7, 29, 36, 48, 52, 58, 60] (0.9121621621621622 135)
[29, 34, 40, 58, 60, 62, 66] (0.918918918918919 136)
[7, 29, 34, 52, 56, 58, 60] (0.9054054054054054 134)
[34, 40, 52, 58, 60, 62, 66] (0.918918918918919 136)
[34, 40, 52, 56, 58, 60, 66] (0.9054054054054054 134)
[7, 29, 36, 40, 48, 52, 58] (0.9121621621621622 135)
[29, 34, 40, 52, 58, 60, 62] (0.9256756756756757 137)
[7, 29, 40, 52, 58, 60, 66] (0.9527027027027027 141)
[7, 29, 52, 56, 58, 60, 62] (0.9054054054054054 134)
[7, 29, 34, 40, 52, 60, 62] (0.9054054054054054 134)
[5, 29, 34, 40, 52, 60, 66] (0.9054054054054054 134)
[7, 29, 36, 48, 52, 58, 66] (0.9054054054054054 134)
[29, 34, 40, 52, 58, 62, 66] (0.918918918918919 136)
[29, 36, 40, 52, 58, 60, 62] (0.9054054054054054 134)
[7, 29, 34, 36, 40, 52, 58] (0.9054054054054054 134)
[7, 29, 34, 40, 58, 60, 66] (0.9256756756756757 137)
[7, 29, 36, 48, 52, 60, 66] (0.9054054054054054 134)
[29, 34, 52, 56, 58, 60, 66] (0.9121621621621622 135)
[7, 29, 34, 40, 52, 58, 66] (0.9256756756756757 137)
[29, 34, 36, 40, 52, 58, 60] (0.9121621621621622 135)
[7, 29, 34, 52, 60, 62, 66] (0.9054054054054054 134)
[29, 40, 56, 58, 60, 62, 66] (0.9054054054054054 134)
[7, 29, 36, 40, 48, 52, 60] (0.9054054054054054 134)
[7, 29, 34, 52, 58, 60, 66] (0.9324324324324325 138)
[29, 36, 40, 48, 52, 60, 66] (0.918918918918919 136)
[5, 29, 40, 52, 58, 60, 66] (0.9121621621621622 135)
[7, 29, 36, 40, 48, 58, 60] (0.9054054054054054 134)
[29, 34, 52, 58, 60, 62, 66] (0.9256756756756757 137)
[29, 40, 48, 52, 58, 60, 66] (0.918918918918919 136)
[5, 29, 34, 40, 58, 60, 66] (0.9054054054054054 134)
[29, 36, 40, 52, 58, 60, 66] (0.9324324324324325 138)
[7, 34, 52, 58, 60, 62, 66] (0.9054054054054054 134)
[29, 36, 40, 48, 52, 58, 66] (0.918918918918919 136)
[7, 34, 40, 52, 58, 60, 66] (0.9256756756756757 137)
[7, 29, 40, 48, 52, 58, 60] (0.9054054054054054 134)
[7, 29, 34, 40, 52, 56, 58] (0.9121621621621622 135)
[7, 29, 40, 52, 56, 60, 66] (0.918918918918919 136)
[7, 29, 34, 52, 58, 60, 62] (0.9121621621621622 135)
[7, 29, 40, 52, 58, 62, 66] (0.918918918918919 136)
[7, 29, 40, 58, 60, 62, 66] (0.918918918918919 136)
[29, 34, 40, 56, 58, 60, 66] (0.9054054054054054 134)
[29, 34, 36, 40, 52, 58, 66] (0.9054054054054054 134)
[5, 29, 34, 40, 52, 58, 66] (0.9054054054054054 134)
[7, 29, 40, 52, 56, 58, 60] (0.9256756756756757 137)
[29, 40, 52, 56, 60, 62, 66] (0.9054054054054054 134)
[29, 34, 40, 52, 58, 60, 62, 66] (0.918918918918919 136)
[7, 29, 34, 40, 52, 58, 60, 66] (0.9256756756756757 137)
[7, 29, 34, 52, 58, 60, 62, 66] (0.9054054054054054 134)
[7, 29, 40, 52, 56, 58, 60, 66] (0.918918918918919 136)
[29, 34, 36, 40, 52, 58, 60, 66] (0.9054054054054054 134)
[7, 29, 40, 52, 58, 60, 62, 66] (0.918918918918919 136)
[29, 36, 40, 48, 52, 58, 60, 66] (0.918918918918919 136)
[7, 29, 36, 40, 52, 58, 60, 66] (0.9121621621621622 135)
[29, 34, 40, 52, 56, 58, 60, 66] (0.9054054054054054 134)
[29, 40, 52, 56, 58, 60, 62, 66] (0.9054054054054054 134)
[7, 29, 34, 40, 52, 58, 60, 62] (0.9054054054054054 134)
[7, 29, 36, 40, 48, 52, 58, 60] (0.9054054054054054 134)
[5, 29, 34, 40, 52, 58, 60, 66] (0.9054054054054054 134)
[7, 29, 36, 48, 52, 58, 60, 66] (0.9054054054054054 134)
