[3] (0.9138461538461539 297)
[5] (0.9353846153846154 304)
[7] (0.9692307692307692 315)
[9] (0.9138461538461539 297)
[25] (0.9138461538461539 297)
[29] (0.9969230769230769 324)
[34] (0.9230769230769231 300)
[36] (0.9815384615384616 319)
[40] (0.9907692307692307 322)
[48] (0.9415384615384615 306)
[52] (0.9969230769230769 324)
[56] (0.9353846153846154 304)
[58] (1.0 325)
[60] (0.9753846153846154 317)
[62] (0.9415384615384615 306)
[66] (0.9292307692307692 302)
[5, 52] (0.9323076923076923 303)
[25, 58] (0.9138461538461539 297)
[3, 40] (0.9046153846153846 294)
[7, 48] (0.9107692307692308 296)
[36, 58] (0.9815384615384616 319)
[3, 58] (0.9138461538461539 297)
[29, 58] (0.9969230769230769 324)
[29, 48] (0.9384615384615385 305)
[29, 60] (0.9723076923076923 316)
[48, 52] (0.9384615384615385 305)
[40, 60] (0.9661538461538461 314)
[56, 58] (0.9353846153846154 304)
[29, 40] (0.9876923076923076 321)
[34, 40] (0.9138461538461539 297)
[7, 40] (0.96 312)
[40, 56] (0.9261538461538461 301)
[34, 58] (0.9230769230769231 300)
[52, 66] (0.9261538461538461 301)
[58, 62] (0.9415384615384615 306)
[5, 58] (0.9353846153846154 304)
[5, 40] (0.9292307692307692 302)
[36, 66] (0.9107692307692308 296)
[25, 29] (0.9107692307692308 296)
[25, 52] (0.9107692307692308 296)
[36, 56] (0.916923076923077 298)
[40, 62] (0.9384615384615385 305)
[9, 29] (0.9107692307692308 296)
[25, 40] (0.9046153846153846 294)
[40, 58] (0.9907692307692307 322)
[29, 66] (0.9261538461538461 301)
[29, 52] (0.9938461538461538 323)
[34, 52] (0.92 299)
[7, 29] (0.9692307692307692 315)
[7, 52] (0.9661538461538461 314)
[5, 29] (0.9353846153846154 304)
[34, 36] (0.9046153846153846 294)
[36, 48] (0.9323076923076923 303)
[56, 60] (0.9107692307692308 296)
[40, 52] (0.9876923076923076 321)
[7, 62] (0.9107692307692308 296)
[29, 36] (0.9784615384615385 318)
[58, 60] (0.9753846153846154 317)
[3, 29] (0.9138461538461539 297)
[36, 40] (0.9723076923076923 316)
[5, 36] (0.916923076923077 298)
[52, 58] (0.9969230769230769 324)
[7, 58] (0.9692307692307692 315)
[60, 62] (0.916923076923077 298)
[36, 60] (0.9569230769230769 311)
[5, 60] (0.9107692307692308 296)
[5, 7] (0.9076923076923077 295)
[52, 60] (0.9723076923076923 316)
[9, 52] (0.9138461538461539 297)
[56, 62] (0.9107692307692308 296)
[7, 36] (0.9507692307692308 309)
[52, 56] (0.9353846153846154 304)
[3, 52] (0.9107692307692308 296)
[60, 66] (0.9292307692307692 302)
[36, 52] (0.9784615384615385 318)
[7, 60] (0.9446153846153846 307)
[29, 34] (0.9230769230769231 300)
[5, 34] (0.9046153846153846 294)
[7, 56] (0.9046153846153846 294)
[29, 62] (0.9384615384615385 305)
[40, 66] (0.9230769230769231 300)
[40, 48] (0.9323076923076923 303)
[9, 58] (0.9138461538461539 297)
[29, 56] (0.9323076923076923 303)
[48, 60] (0.9261538461538461 301)
[36, 62] (0.9230769230769231 300)
[58, 66] (0.9292307692307692 302)
[9, 40] (0.9076923076923077 295)
[48, 58] (0.9415384615384615 306)
[52, 62] (0.9384615384615385 305)
[34, 52, 58] (0.92 299)
[34, 36, 58] (0.9046153846153846 294)
[9, 29, 52] (0.9107692307692308 296)
[7, 48, 58] (0.9107692307692308 296)
[36, 40, 56] (0.9076923076923077 295)
[34, 40, 58] (0.9138461538461539 297)
[5, 40, 58] (0.9292307692307692 302)
[40, 60, 66] (0.9230769230769231 300)
[7, 52, 62] (0.9076923076923077 295)
[36, 52, 58] (0.9784615384615385 318)
[29, 40, 48] (0.9292307692307692 302)
[29, 40, 58] (0.9876923076923076 321)
[29, 58, 66] (0.9261538461538461 301)
[56, 58, 62] (0.9107692307692308 296)
[5, 29, 52] (0.9323076923076923 303)
[7, 29, 36] (0.9507692307692308 309)
[7, 29, 56] (0.9046153846153846 294)
[9, 29, 40] (0.9046153846153846 294)
[36, 40, 58] (0.9723076923076923 316)
[52, 56, 58] (0.9353846153846154 304)
[40, 56, 62] (0.9076923076923077 295)
[36, 52, 56] (0.916923076923077 298)
[5, 29, 60] (0.9107692307692308 296)
[5, 29, 40] (0.9292307692307692 302)
[7, 29, 48] (0.9107692307692308 296)
[29, 36, 60] (0.9538461538461539 310)
[40, 52, 66] (0.92 299)
[40, 56, 58] (0.9261538461538461 301)
[36, 40, 52] (0.9692307692307692 315)
[36, 40, 66] (0.9046153846153846 294)
[25, 29, 40] (0.9015384615384615 293)
[52, 60, 66] (0.9261538461538461 301)
[5, 7, 29] (0.9076923076923077 295)
[34, 40, 52] (0.9107692307692308 296)
[5, 52, 58] (0.9323076923076923 303)
[25, 29, 52] (0.9076923076923077 295)
[40, 52, 58] (0.9876923076923076 321)
[9, 29, 58] (0.9107692307692308 296)
[29, 34, 36] (0.9046153846153846 294)
[29, 40, 56] (0.9230769230769231 300)
[40, 52, 56] (0.9261538461538461 301)
[7, 29, 58] (0.9692307692307692 315)
[48, 58, 60] (0.9261538461538461 301)
[36, 60, 66] (0.9107692307692308 296)
[56, 58, 60] (0.9107692307692308 296)
[52, 58, 62] (0.9384615384615385 305)
[29, 36, 66] (0.9076923076923077 295)
[52, 58, 60] (0.9723076923076923 316)
[40, 52, 60] (0.963076923076923 313)
[36, 58, 66] (0.9107692307692308 296)
[29, 36, 52] (0.9753846153846154 317)
[36, 52, 60] (0.9538461538461539 310)
[52, 56, 62] (0.9107692307692308 296)
[34, 36, 52] (0.9015384615384615 293)
[29, 40, 52] (0.9846153846153847 320)
[36, 52, 62] (0.92 299)
[5, 40, 60] (0.9046153846153846 294)
[5, 34, 52] (0.9015384615384615 293)
[29, 36, 40] (0.9692307692307692 315)
[29, 48, 52] (0.9353846153846154 304)
[40, 56, 60] (0.9015384615384615 293)
[40, 60, 62] (0.9138461538461539 297)
[52, 58, 66] (0.9261538461538461 301)
[3, 29, 58] (0.9138461538461539 297)
[36, 58, 62] (0.9230769230769231 300)
[29, 36, 56] (0.9138461538461539 297)
[29, 58, 62] (0.9384615384615385 305)
[29, 36, 62] (0.92 299)
[5, 40, 52] (0.9261538461538461 301)
[29, 48, 60] (0.9230769230769231 300)
[7, 52, 60] (0.9415384615384615 306)
[25, 52, 58] (0.9107692307692308 296)
[29, 56, 58] (0.9323076923076923 303)
[36, 40, 48] (0.9230769230769231 300)
[7, 36, 48] (0.9015384615384615 293)
[40, 52, 62] (0.9353846153846154 304)
[29, 58, 60] (0.9723076923076923 316)
[29, 52, 58] (0.9938461538461538 323)
[36, 56, 58] (0.916923076923077 298)
[36, 52, 66] (0.9076923076923077 295)
[7, 58, 60] (0.9446153846153846 307)
[29, 48, 58] (0.9384615384615385 305)
[9, 40, 52] (0.9076923076923077 295)
[29, 52, 56] (0.9323076923076923 303)
[29, 52, 66] (0.9230769230769231 300)
[5, 52, 60] (0.9076923076923077 295)
[7, 36, 58] (0.9507692307692308 309)
[7, 36, 40] (0.9415384615384615 306)
[29, 56, 60] (0.9076923076923077 295)
[29, 40, 60] (0.963076923076923 313)
[40, 48, 60] (0.916923076923077 298)
[29, 34, 58] (0.9230769230769231 300)
[3, 40, 52] (0.9015384615384615 293)
[36, 48, 60] (0.916923076923077 298)
[5, 36, 58] (0.916923076923077 298)
[40, 48, 52] (0.9292307692307692 302)
[29, 36, 48] (0.9292307692307692 302)
[9, 52, 58] (0.9138461538461539 297)
[29, 36, 58] (0.9784615384615385 318)
[7, 40, 58] (0.96 312)
[5, 34, 58] (0.9046153846153846 294)
[36, 58, 60] (0.9569230769230769 311)
[29, 40, 62] (0.9353846153846154 304)
[25, 40, 58] (0.9046153846153846 294)
[40, 48, 58] (0.9323076923076923 303)
[7, 52, 56] (0.9046153846153846 294)
[29, 52, 62] (0.9353846153846154 304)
[29, 34, 52] (0.92 299)
[3, 29, 40] (0.9046153846153846 294)
[3, 52, 58] (0.9107692307692308 296)
[5, 58, 60] (0.9107692307692308 296)
[7, 58, 62] (0.9107692307692308 296)
[29, 34, 40] (0.9138461538461539 297)
[48, 52, 58] (0.9384615384615385 305)
[7, 52, 58] (0.9661538461538461 314)
[7, 36, 52] (0.9476923076923077 308)
[3, 29, 52] (0.9107692307692308 296)
[3, 40, 58] (0.9046153846153846 294)
[29, 56, 62] (0.9076923076923077 295)
[29, 60, 62] (0.9138461538461539 297)
[5, 29, 58] (0.9353846153846154 304)
[5, 36, 52] (0.9138461538461539 297)
[29, 40, 66] (0.92 299)
[40, 58, 66] (0.9230769230769231 300)
[7, 48, 52] (0.9076923076923077 295)
[7, 40, 60] (0.9353846153846154 304)
[7, 36, 60] (0.9261538461538461 301)
[9, 40, 58] (0.9076923076923077 295)
[36, 40, 60] (0.9476923076923077 308)
[29, 52, 60] (0.9692307692307692 315)
[7, 29, 60] (0.9446153846153846 307)
[5, 29, 36] (0.916923076923077 298)
[5, 7, 58] (0.9076923076923077 295)
[52, 56, 60] (0.9107692307692308 296)
[36, 48, 58] (0.9323076923076923 303)
[7, 29, 40] (0.96 312)
[58, 60, 62] (0.916923076923077 298)
[7, 40, 48] (0.9015384615384615 293)
[36, 40, 62] (0.92 299)
[5, 29, 34] (0.9046153846153846 294)
[25, 29, 58] (0.9107692307692308 296)
[7, 29, 52] (0.9661538461538461 314)
[29, 60, 66] (0.9261538461538461 301)
[7, 29, 62] (0.9107692307692308 296)
[40, 58, 60] (0.9661538461538461 314)
[48, 52, 60] (0.9230769230769231 300)
[36, 48, 52] (0.9292307692307692 302)
[5, 7, 40] (0.9015384615384615 293)
[58, 60, 66] (0.9292307692307692 302)
[40, 58, 62] (0.9384615384615385 305)
[25, 40, 52] (0.9015384615384615 293)
[5, 36, 40] (0.9107692307692308 296)
[7, 56, 58] (0.9046153846153846 294)
[52, 60, 62] (0.9138461538461539 297)
[5, 7, 52] (0.9046153846153846 294)
[7, 40, 62] (0.9076923076923077 295)
[7, 40, 52] (0.9569230769230769 311)
[7, 29, 52, 62] (0.9076923076923077 295)
[7, 29, 40, 52] (0.9569230769230769 311)
[5, 29, 36, 58] (0.916923076923077 298)
[7, 40, 58, 62] (0.9076923076923077 295)
[36, 48, 52, 58] (0.9292307692307692 302)
[7, 52, 56, 58] (0.9046153846153846 294)
[7, 36, 40, 60] (0.916923076923077 298)
[40, 52, 58, 60] (0.963076923076923 313)
[29, 52, 60, 66] (0.9230769230769231 300)
[29, 56, 58, 60] (0.9076923076923077 295)
[5, 7, 29, 52] (0.9046153846153846 294)
[29, 36, 52, 60] (0.9507692307692308 309)
[5, 36, 40, 58] (0.9107692307692308 296)
[29, 36, 40, 60] (0.9446153846153846 307)
[9, 29, 52, 58] (0.9107692307692308 296)
[40, 52, 58, 62] (0.9353846153846154 304)
[7, 40, 58, 60] (0.9353846153846154 304)
[29, 40, 48, 58] (0.9292307692307692 302)
[29, 56, 58, 62] (0.9076923076923077 295)
[5, 7, 29, 40] (0.9015384615384615 293)
[5, 29, 40, 60] (0.9046153846153846 294)
[29, 40, 60, 66] (0.92 299)
[29, 36, 56, 58] (0.9138461538461539 297)
[29, 40, 52, 58] (0.9846153846153847 320)
[25, 29, 52, 58] (0.9076923076923077 295)
[29, 36, 58, 66] (0.9076923076923077 295)
[7, 29, 40, 62] (0.9076923076923077 295)
[36, 48, 58, 60] (0.916923076923077 298)
[29, 52, 60, 62] (0.9107692307692308 296)
[7, 29, 48, 58] (0.9107692307692308 296)
[29, 36, 60, 66] (0.9076923076923077 295)
[7, 29, 52, 60] (0.9415384615384615 306)
[5, 34, 52, 58] (0.9015384615384615 293)
[7, 36, 40, 52] (0.9384615384615385 305)
[29, 34, 52, 58] (0.92 299)
[29, 40, 60, 62] (0.9107692307692308 296)
[29, 36, 52, 56] (0.9138461538461539 297)
[29, 36, 40, 62] (0.916923076923077 298)
[5, 29, 34, 52] (0.9015384615384615 293)
[29, 36, 40, 52] (0.9661538461538461 314)
[40, 48, 52, 60] (0.9138461538461539 297)
[29, 52, 56, 58] (0.9323076923076923 303)
[29, 40, 56, 62] (0.9046153846153846 294)
[29, 36, 58, 62] (0.92 299)
[52, 58, 60, 62] (0.9138461538461539 297)
[3, 29, 40, 58] (0.9046153846153846 294)
[36, 52, 60, 66] (0.9076923076923077 295)
[29, 52, 58, 62] (0.9353846153846154 304)
[40, 52, 60, 66] (0.92 299)
[52, 56, 58, 62] (0.9107692307692308 296)
[40, 52, 56, 62] (0.9076923076923077 295)
[29, 36, 58, 60] (0.9538461538461539 310)
[5, 40, 58, 60] (0.9046153846153846 294)
[29, 52, 56, 60] (0.9076923076923077 295)
[29, 36, 52, 66] (0.9046153846153846 294)
[29, 48, 52, 60] (0.92 299)
[29, 36, 40, 56] (0.9046153846153846 294)
[7, 29, 40, 48] (0.9015384615384615 293)
[29, 52, 58, 60] (0.9692307692307692 315)
[7, 29, 52, 58] (0.9661538461538461 314)
[7, 29, 40, 58] (0.96 312)
[29, 36, 40, 66] (0.9015384615384615 293)
[36, 40, 60, 66] (0.9046153846153846 294)
[5, 29, 40, 58] (0.9292307692307692 302)
[52, 56, 58, 60] (0.9107692307692308 296)
[7, 36, 52, 58] (0.9476923076923077 308)
[5, 29, 52, 60] (0.9076923076923077 295)
[36, 40, 48, 60] (0.9076923076923077 295)
[40, 52, 56, 60] (0.9015384615384615 293)
[7, 52, 58, 60] (0.9415384615384615 306)
[52, 58, 60, 66] (0.9261538461538461 301)
[5, 29, 34, 58] (0.9046153846153846 294)
[25, 29, 40, 58] (0.9015384615384615 293)
[29, 36, 40, 58] (0.9692307692307692 315)
[7, 29, 52, 56] (0.9046153846153846 294)
[9, 29, 40, 52] (0.9046153846153846 294)
[36, 40, 56, 58] (0.9076923076923077 295)
[29, 52, 56, 62] (0.9076923076923077 295)
[7, 40, 52, 60] (0.9323076923076923 303)
[40, 52, 60, 62] (0.9107692307692308 296)
[40, 52, 56, 58] (0.9261538461538461 301)
[29, 36, 48, 58] (0.9292307692307692 302)
[5, 29, 40, 52] (0.9261538461538461 301)
[40, 48, 58, 60] (0.916923076923077 298)
[25, 40, 52, 58] (0.9015384615384615 293)
[7, 52, 58, 62] (0.9076923076923077 295)
[3, 29, 52, 58] (0.9107692307692308 296)
[5, 36, 40, 52] (0.9076923076923077 295)
[29, 36, 52, 62] (0.916923076923077 298)
[7, 29, 56, 58] (0.9046153846153846 294)
[48, 52, 58, 60] (0.9230769230769231 300)
[5, 7, 52, 58] (0.9046153846153846 294)
[36, 40, 52, 56] (0.9076923076923077 295)
[40, 48, 52, 58] (0.9292307692307692 302)
[29, 34, 36, 58] (0.9046153846153846 294)
[29, 40, 52, 60] (0.96 312)
[5, 29, 58, 60] (0.9107692307692308 296)
[40, 58, 60, 66] (0.9230769230769231 300)
[7, 29, 58, 60] (0.9446153846153846 307)
[29, 48, 58, 60] (0.9230769230769231 300)
[7, 29, 58, 62] (0.9107692307692308 296)
[36, 52, 58, 66] (0.9076923076923077 295)
[34, 36, 52, 58] (0.9015384615384615 293)
[29, 34, 40, 52] (0.9107692307692308 296)
[3, 29, 40, 52] (0.9015384615384615 293)
[36, 52, 58, 60] (0.9538461538461539 310)
[36, 40, 52, 66] (0.9015384615384615 293)
[9, 29, 40, 58] (0.9046153846153846 294)
[7, 40, 48, 58] (0.9015384615384615 293)
[7, 29, 36, 40] (0.9415384615384615 306)
[29, 40, 58, 66] (0.92 299)
[29, 36, 48, 60] (0.9138461538461539 297)
[29, 52, 58, 66] (0.9230769230769231 300)
[7, 48, 52, 58] (0.9076923076923077 295)
[5, 40, 52, 60] (0.9015384615384615 293)
[29, 36, 48, 52] (0.9261538461538461 301)
[36, 52, 58, 62] (0.92 299)
[3, 40, 52, 58] (0.9015384615384615 293)
[7, 36, 58, 60] (0.9261538461538461 301)
[7, 29, 36, 52] (0.9476923076923077 308)
[7, 36, 48, 58] (0.9015384615384615 293)
[29, 58, 60, 66] (0.9261538461538461 301)
[36, 40, 52, 58] (0.9692307692307692 315)
[29, 34, 36, 52] (0.9015384615384615 293)
[29, 40, 48, 52] (0.9261538461538461 301)
[29, 40, 58, 62] (0.9353846153846154 304)
[5, 29, 52, 58] (0.9323076923076923 303)
[9, 40, 52, 58] (0.9076923076923077 295)
[5, 29, 36, 40] (0.9107692307692308 296)
[40, 56, 58, 62] (0.9076923076923077 295)
[36, 48, 52, 60] (0.9138461538461539 297)
[36, 40, 52, 62] (0.916923076923077 298)
[29, 36, 52, 58] (0.9753846153846154 317)
[5, 36, 52, 58] (0.9138461538461539 297)
[29, 40, 58, 60] (0.963076923076923 313)
[34, 40, 52, 58] (0.9107692307692308 296)
[29, 58, 60, 62] (0.9138461538461539 297)
[40, 56, 58, 60] (0.9015384615384615 293)
[7, 40, 52, 58] (0.9569230769230769 311)
[5, 52, 58, 60] (0.9076923076923077 295)
[36, 40, 48, 58] (0.9230769230769231 300)
[36, 40, 58, 66] (0.9046153846153846 294)
[29, 40, 52, 66] (0.916923076923077 298)
[29, 40, 52, 56] (0.9230769230769231 300)
[7, 29, 36, 58] (0.9507692307692308 309)
[7, 29, 36, 48] (0.9015384615384615 293)
[5, 7, 29, 58] (0.9076923076923077 295)
[29, 34, 40, 58] (0.9138461538461539 297)
[7, 36, 52, 60] (0.9230769230769231 300)
[7, 29, 36, 60] (0.9261538461538461 301)
[5, 7, 40, 58] (0.9015384615384615 293)
[36, 40, 48, 52] (0.92 299)
[7, 40, 52, 62] (0.9046153846153846 294)
[36, 40, 58, 60] (0.9476923076923077 308)
[7, 29, 40, 60] (0.9353846153846154 304)
[40, 58, 60, 62] (0.9138461538461539 297)
[40, 52, 58, 66] (0.92 299)
[5, 40, 52, 58] (0.9261538461538461 301)
[36, 58, 60, 66] (0.9107692307692308 296)
[29, 40, 48, 60] (0.9138461538461539 297)
[7, 29, 48, 52] (0.9076923076923077 295)
[29, 48, 52, 58] (0.9353846153846154 304)
[5, 29, 36, 52] (0.9138461538461539 297)
[36, 40, 52, 60] (0.9446153846153846 307)
[29, 36, 40, 48] (0.92 299)
[36, 40, 58, 62] (0.92 299)
[7, 36, 40, 58] (0.9415384615384615 306)
[29, 40, 56, 58] (0.9230769230769231 300)
[29, 40, 52, 62] (0.9323076923076923 303)
[36, 52, 56, 58] (0.916923076923077 298)
[29, 36, 52, 58, 66] (0.9046153846153846 294)
[3, 29, 40, 52, 58] (0.9015384615384615 293)
[29, 36, 40, 52, 60] (0.9415384615384615 306)
[29, 36, 40, 56, 58] (0.9046153846153846 294)
[29, 36, 48, 52, 58] (0.9261538461538461 301)
[7, 29, 40, 52, 62] (0.9046153846153846 294)
[7, 29, 36, 48, 58] (0.9015384615384615 293)
[7, 29, 36, 52, 60] (0.9230769230769231 300)
[36, 52, 58, 60, 66] (0.9076923076923077 295)
[29, 40, 58, 60, 62] (0.9107692307692308 296)
[36, 40, 48, 52, 58] (0.92 299)
[29, 36, 52, 58, 62] (0.916923076923077 298)
[29, 40, 52, 56, 58] (0.9230769230769231 300)
[7, 29, 40, 58, 60] (0.9353846153846154 304)
[5, 29, 52, 58, 60] (0.9076923076923077 295)
[5, 36, 40, 52, 58] (0.9076923076923077 295)
[7, 29, 36, 40, 58] (0.9415384615384615 306)
[29, 52, 56, 58, 62] (0.9076923076923077 295)
[7, 29, 40, 58, 62] (0.9076923076923077 295)
[29, 36, 58, 60, 66] (0.9076923076923077 295)
[29, 36, 52, 58, 60] (0.9507692307692308 309)
[29, 36, 40, 52, 62] (0.9138461538461539 297)
[29, 36, 40, 48, 58] (0.92 299)
[29, 52, 56, 58, 60] (0.9076923076923077 295)
[29, 40, 52, 58, 66] (0.916923076923077 298)
[5, 29, 40, 52, 58] (0.9261538461538461 301)
[36, 48, 52, 58, 60] (0.9138461538461539 297)
[29, 40, 52, 60, 62] (0.9076923076923077 295)
[7, 29, 48, 52, 58] (0.9076923076923077 295)
[7, 29, 36, 40, 60] (0.916923076923077 298)
[29, 40, 56, 58, 62] (0.9046153846153846 294)
[29, 34, 40, 52, 58] (0.9107692307692308 296)
[29, 36, 40, 52, 56] (0.9046153846153846 294)
[29, 36, 40, 60, 66] (0.9015384615384615 293)
[40, 52, 56, 58, 60] (0.9015384615384615 293)
[29, 36, 48, 58, 60] (0.9138461538461539 297)
[29, 40, 52, 60, 66] (0.916923076923077 298)
[7, 29, 52, 56, 58] (0.9046153846153846 294)
[29, 40, 48, 52, 60] (0.9107692307692308 296)
[7, 29, 40, 52, 60] (0.9323076923076923 303)
[29, 36, 40, 52, 58] (0.9661538461538461 314)
[5, 29, 40, 52, 60] (0.9015384615384615 293)
[29, 40, 52, 56, 62] (0.9046153846153846 294)
[40, 52, 56, 58, 62] (0.9076923076923077 295)
[29, 36, 52, 60, 66] (0.9046153846153846 294)
[7, 29, 36, 40, 52] (0.9384615384615385 305)
[29, 40, 58, 60, 66] (0.92 299)
[36, 40, 52, 56, 58] (0.9076923076923077 295)
[29, 36, 40, 58, 60] (0.9446153846153846 307)
[9, 29, 40, 52, 58] (0.9046153846153846 294)
[40, 52, 58, 60, 62] (0.9107692307692308 296)
[29, 36, 40, 48, 60] (0.9046153846153846 294)
[7, 29, 36, 58, 60] (0.9261538461538461 301)
[5, 29, 36, 40, 52] (0.9076923076923077 295)
[29, 34, 36, 52, 58] (0.9015384615384615 293)
[29, 52, 58, 60, 62] (0.9107692307692308 296)
[29, 36, 40, 58, 62] (0.916923076923077 298)
[7, 36, 40, 52, 60] (0.9138461538461539 297)
[5, 7, 29, 52, 58] (0.9046153846153846 294)
[7, 36, 52, 58, 60] (0.9230769230769231 300)
[7, 29, 40, 48, 58] (0.9015384615384615 293)
[7, 36, 40, 58, 60] (0.916923076923077 298)
[29, 48, 52, 58, 60] (0.92 299)
[7, 29, 36, 52, 58] (0.9476923076923077 308)
[29, 52, 58, 60, 66] (0.9230769230769231 300)
[29, 36, 52, 56, 58] (0.9138461538461539 297)
[29, 36, 40, 58, 66] (0.9015384615384615 293)
[29, 40, 52, 58, 60] (0.96 312)
[36, 40, 52, 58, 62] (0.916923076923077 298)
[29, 40, 48, 52, 58] (0.9261538461538461 301)
[36, 40, 58, 60, 66] (0.9046153846153846 294)
[29, 40, 52, 58, 62] (0.9323076923076923 303)
[36, 40, 52, 58, 60] (0.9446153846153846 307)
[7, 29, 40, 52, 58] (0.9569230769230769 311)
[7, 40, 52, 58, 62] (0.9046153846153846 294)
[29, 36, 48, 52, 60] (0.9107692307692308 296)
[5, 29, 36, 40, 58] (0.9107692307692308 296)
[36, 40, 52, 60, 66] (0.9015384615384615 293)
[40, 52, 58, 60, 66] (0.92 299)
[5, 29, 40, 58, 60] (0.9046153846153846 294)
[29, 36, 40, 48, 52] (0.916923076923077 298)
[7, 29, 52, 58, 60] (0.9415384615384615 306)
[36, 40, 52, 58, 66] (0.9015384615384615 293)
[36, 40, 48, 52, 60] (0.9046153846153846 294)
[7, 40, 52, 58, 60] (0.9323076923076923 303)
[29, 40, 48, 58, 60] (0.9138461538461539 297)
[5, 29, 36, 52, 58] (0.9138461538461539 297)
[5, 29, 34, 52, 58] (0.9015384615384615 293)
[7, 36, 40, 52, 58] (0.9384615384615385 305)
[5, 7, 29, 40, 58] (0.9015384615384615 293)
[36, 40, 48, 58, 60] (0.9076923076923077 295)
[7, 29, 52, 58, 62] (0.9076923076923077 295)
[5, 40, 52, 58, 60] (0.9015384615384615 293)
[40, 48, 52, 58, 60] (0.9138461538461539 297)
[5, 29, 36, 40, 52, 58] (0.9076923076923077 295)
[29, 36, 40, 48, 52, 60] (0.9015384615384615 293)
[29, 36, 40, 48, 52, 58] (0.916923076923077 298)
[36, 40, 52, 58, 60, 66] (0.9015384615384615 293)
[29, 36, 40, 52, 58, 60] (0.9415384615384615 306)
[5, 29, 40, 52, 58, 60] (0.9015384615384615 293)
[7, 29, 36, 52, 58, 60] (0.9230769230769231 300)
[29, 36, 40, 52, 56, 58] (0.9046153846153846 294)
[29, 40, 52, 58, 60, 66] (0.916923076923077 298)
[29, 36, 48, 52, 58, 60] (0.9107692307692308 296)
[7, 29, 40, 52, 58, 60] (0.9323076923076923 303)
[29, 36, 40, 52, 58, 62] (0.9138461538461539 297)
[29, 40, 48, 52, 58, 60] (0.9107692307692308 296)
[7, 36, 40, 52, 58, 60] (0.9138461538461539 297)
[29, 36, 40, 48, 58, 60] (0.9046153846153846 294)
[7, 29, 40, 52, 58, 62] (0.9046153846153846 294)
[7, 29, 36, 40, 58, 60] (0.916923076923077 298)
[29, 40, 52, 58, 60, 62] (0.9076923076923077 295)
[29, 40, 52, 56, 58, 62] (0.9046153846153846 294)
[7, 29, 36, 40, 52, 60] (0.9138461538461539 297)
[7, 29, 36, 40, 52, 58] (0.9384615384615385 305)
[29, 36, 52, 58, 60, 66] (0.9046153846153846 294)
[29, 36, 40, 58, 60, 66] (0.9015384615384615 293)
[36, 40, 48, 52, 58, 60] (0.9046153846153846 294)
[7, 29, 36, 40, 52, 58, 60] (0.9138461538461539 297)
[29, 36, 40, 48, 52, 58, 60] (0.9015384615384615 293)
