[16] (0.968052063304245 6545)
[19] (0.9939358083123798 6720)
[34] (0.966572992160923 6535)
[37] (0.9920130158260613 6707)
[52] (0.962875314302618 6510)
[55] (0.990386037568407 6696)
[72] (0.9782576541931667 6614)
[75] (0.9952669723413696 6729)
[85] (0.9636148498742789 6515)
[88] (0.9881674308534241 6681)
[91] (0.9994083715426711 6757)
[103] (0.9593255435586452 6486)
[106] (0.9884632450820885 6683)
[109] (0.9980772075136815 6748)
[121] (0.9523739091850318 6439)
[124] (0.9868362668244343 6672)
[127] (0.9982251146280136 6749)
[106, 124] (0.9752995119065228 6594)
[34, 91] (0.9659813637035941 6531)
[85, 91] (0.9636148498742789 6515)
[34, 124] (0.9534092589853572 6446)
[16, 88] (0.9562194941576689 6465)
[16, 55] (0.958438100872652 6480)
[37, 55] (0.9823990533944683 6642)
[19, 127] (0.9921609229403935 6708)
[34, 88] (0.954740423014347 6455)
[85, 106] (0.9520780949563674 6437)
[55, 124] (0.9772223043928413 6607)
[19, 91] (0.9933441798550511 6716)
[75, 109] (0.9933441798550511 6716)
[72, 109] (0.9763348617068481 6601)
[103, 106] (0.9593255435586452 6486)
[55, 106] (0.9788492826504955 6618)
[75, 85] (0.9588818222156485 6483)
[91, 109] (0.9974855790563526 6744)
[37, 75] (0.9872799881674309 6675)
[37, 127] (0.9902381304540748 6695)
[85, 88] (0.9636148498742789 6515)
[55, 91] (0.9897944091110782 6692)
[91, 121] (0.951782280727703 6435)
[37, 85] (0.9556278657003402 6461)
[85, 127] (0.9618399645022926 6503)
[103, 127] (0.9575506581866587 6474)
[19, 88] (0.9821032391658039 6640)
[16, 37] (0.9600650791303061 6491)
[55, 72] (0.9686436917615737 6549)
[19, 37] (0.9859488241384411 6666)
[109, 127] (0.996302322141695 6736)
[91, 124] (0.9862446383671054 6668)
[52, 109] (0.9609525218162993 6497)
[121, 127] (0.9523739091850318 6439)
[19, 124] (0.9807720751368141 6631)
[55, 85] (0.954000887442686 6450)
[37, 109] (0.9900902233397426 6694)
[34, 37] (0.966572992160923 6535)
[55, 75] (0.9856530099097767 6664)
[55, 127] (0.9886111521964206 6684)
[85, 124] (0.9504511166987132 6426)
[88, 124] (0.9750036976778583 6592)
[16, 106] (0.9565153083863334 6467)
[16, 91] (0.9674604348469161 6541)
[75, 127] (0.9934920869693832 6717)
[19, 106] (0.9823990533944683 6642)
[91, 103] (0.9587339151013163 6482)
[52, 91] (0.9622836858452891 6506)
[16, 127] (0.9662771779322585 6533)
[34, 109] (0.9646501996746043 6522)
[19, 103] (0.953261351871025 6445)
[72, 106] (0.9667208992752552 6536)
[75, 91] (0.9946753438840408 6725)
[91, 106] (0.9878716166247596 6679)
[75, 88] (0.9834344031947937 6649)
[19, 75] (0.9892027806537494 6688)
[37, 124] (0.9788492826504955 6618)
[55, 109] (0.9884632450820885 6683)
[72, 127] (0.9764827688211803 6602)
[19, 85] (0.9575506581866587 6474)
[37, 91] (0.9914213873687324 6703)
[88, 91] (0.9881674308534241 6681)
[37, 88] (0.9801804466794852 6627)
[37, 103] (0.9513385593847064 6432)
[19, 55] (0.9843218458807869 6655)
[19, 34] (0.9605088004733028 6494)
[34, 106] (0.9550362372430113 6457)
[72, 75] (0.9782576541931667 6614)
[34, 127] (0.9647981067889365 6523)
[106, 127] (0.986688359710102 6671)
[52, 88] (0.951042745156042 6430)
[109, 121] (0.9504511166987132 6426)
[88, 106] (0.9766306759355124 6603)
[75, 106] (0.9837302174234581 6651)
[72, 124] (0.9650939210176009 6525)
[103, 109] (0.9593255435586452 6486)
[88, 127] (0.9863925454814376 6669)
[72, 88] (0.9664250850465907 6534)
[16, 109] (0.9661292708179263 6532)
[19, 109] (0.9920130158260613 6707)
[37, 72] (0.970270670019228 6560)
[106, 109] (0.9884632450820885 6683)
[19, 52] (0.9568111226149978 6469)
[124, 127] (0.9868362668244343 6672)
[16, 124] (0.9548883301286792 6456)
[75, 103] (0.9545925159000148 6454)
[34, 75] (0.9618399645022926 6503)
[88, 109] (0.9862446383671054 6668)
[52, 75] (0.9581422866439876 6478)
[34, 55] (0.95695902972933 6470)
[72, 91] (0.9776660257358379 6610)
[85, 109] (0.9616920573879604 6502)
[55, 88] (0.9785534684218311 6616)
[91, 127] (0.9976334861706848 6745)
[52, 55] (0.962875314302618 6510)
[52, 127] (0.9611004289306315 6498)
[109, 124] (0.9849134743381157 6659)
[37, 52] (0.9548883301286792 6456)
[52, 106] (0.9513385593847064 6432)
[19, 72] (0.9721934625055465 6573)
[75, 124] (0.9821032391658039 6640)
[16, 19] (0.968052063304245 6545)
[37, 106] (0.9804762609081497 6629)
[16, 75] (0.9633190356456146 6513)
[121, 124] (0.9523739091850318 6439)
[19, 34, 109] (0.9585860079869841 6481)
[16, 19, 124] (0.9548883301286792 6456)
[37, 72, 91] (0.9696790415618991 6556)
[55, 88, 109] (0.9766306759355124 6603)
[37, 85, 109] (0.9537050732140216 6448)
[52, 55, 106] (0.9513385593847064 6432)
[19, 55, 91] (0.9837302174234581 6651)
[37, 52, 127] (0.9531134447566928 6444)
[19, 37, 109] (0.9840260316521224 6653)
[16, 91, 127] (0.9656855494749298 6529)
[34, 124, 127] (0.9534092589853572 6446)
[91, 103, 106] (0.9587339151013163 6482)
[91, 121, 127] (0.951782280727703 6435)
[19, 55, 72] (0.9625795000739535 6508)
[34, 37, 109] (0.9646501996746043 6522)
[88, 109, 124] (0.9730809051915397 6579)
[75, 88, 124] (0.970270670019228 6560)
[85, 109, 127] (0.9599171720159739 6490)
[19, 91, 124] (0.9801804466794852 6627)
[19, 37, 88] (0.9741162549918652 6586)
[75, 88, 106] (0.9718976482768821 6571)
[91, 106, 124] (0.9747078834491939 6590)
[75, 109, 124] (0.9801804466794852 6627)
[19, 109, 127] (0.9902381304540748 6695)
[19, 72, 127] (0.9704185771335602 6561)
[19, 72, 124] (0.9590297293299808 6484)
[37, 109, 127] (0.9883153379677563 6682)
[75, 85, 91] (0.9588818222156485 6483)
[88, 109, 127] (0.9844697529951191 6656)
[85, 91, 109] (0.9616920573879604 6502)
[19, 37, 75] (0.9812157964798107 6634)
[34, 37, 106] (0.9550362372430113 6457)
[52, 55, 88] (0.951042745156042 6430)
[72, 88, 109] (0.9645022925602722 6521)
[19, 34, 127] (0.9587339151013163 6482)
[55, 106, 124] (0.9656855494749298 6529)
[34, 37, 124] (0.9534092589853572 6446)
[19, 91, 127] (0.9915692944830646 6704)
[16, 55, 91] (0.9578464724153232 6476)
[16, 37, 91] (0.9594734506729774 6487)
[103, 106, 127] (0.9575506581866587 6474)
[55, 75, 127] (0.9838781245377902 6652)
[72, 124, 127] (0.9650939210176009 6525)
[16, 19, 55] (0.958438100872652 6480)
[34, 88, 91] (0.954740423014347 6455)
[37, 88, 106] (0.9686436917615737 6549)
[34, 37, 88] (0.954740423014347 6455)
[52, 55, 109] (0.9609525218162993 6497)
[75, 91, 124] (0.981511610708475 6636)
[19, 37, 106] (0.9744120692205295 6588)
[19, 75, 91] (0.9886111521964206 6684)
[16, 19, 75] (0.9633190356456146 6513)
[72, 109, 124] (0.9631711285312824 6512)
[75, 88, 91] (0.9834344031947937 6649)
[72, 106, 109] (0.9667208992752552 6536)
[55, 91, 106] (0.9782576541931667 6614)
[55, 85, 109] (0.9520780949563674 6437)
[52, 91, 127] (0.9605088004733028 6494)
[16, 106, 127] (0.954740423014347 6455)
[37, 75, 88] (0.9754474190208549 6595)
[72, 109, 127] (0.9745599763348617 6589)
[34, 75, 127] (0.9600650791303061 6491)
[91, 106, 127] (0.9860967312527733 6667)
[75, 88, 109] (0.981511610708475 6636)
[75, 109, 127] (0.9915692944830646 6704)
[19, 37, 124] (0.9727850909628754 6577)
[19, 124, 127] (0.9807720751368141 6631)
[72, 75, 124] (0.9650939210176009 6525)
[16, 88, 109] (0.9542967016713504 6452)
[34, 75, 106] (0.950303209584381 6425)
[85, 88, 109] (0.9616920573879604 6502)
[88, 91, 106] (0.9766306759355124 6603)
[91, 103, 109] (0.9587339151013163 6482)
[55, 75, 124] (0.9724892767342109 6575)
[55, 91, 127] (0.9880195237390919 6680)
[34, 75, 109] (0.9599171720159739 6490)
[37, 88, 109] (0.9782576541931667 6614)
[19, 91, 103] (0.9526697234136962 6441)
[55, 72, 91] (0.968052063304245 6545)
[34, 55, 91] (0.9563674012720011 6466)
[37, 75, 109] (0.9853571956811122 6662)
[52, 75, 127] (0.9563674012720011 6466)
[55, 91, 124] (0.9766306759355124 6603)
[16, 19, 88] (0.9562194941576689 6465)
[16, 19, 127] (0.9662771779322585 6533)
[72, 88, 91] (0.9664250850465907 6534)
[52, 55, 75] (0.9581422866439876 6478)
[52, 88, 91] (0.951042745156042 6430)
[37, 109, 124] (0.9769264901641769 6605)
[19, 72, 75] (0.9721934625055465 6573)
[16, 91, 124] (0.9542967016713504 6452)
[37, 85, 91] (0.9556278657003402 6461)
[88, 91, 109] (0.9862446383671054 6668)
[37, 91, 127] (0.9896465019967461 6691)
[16, 37, 75] (0.9553320514716758 6459)
[72, 88, 106] (0.9548883301286792 6456)
[19, 75, 124] (0.9760390474781837 6599)
[19, 34, 75] (0.9557757728146724 6462)
[19, 52, 91] (0.9562194941576689 6465)
[19, 34, 55] (0.9508948380417098 6429)
[19, 103, 109] (0.953261351871025 6445)
[55, 75, 109] (0.9837302174234581 6651)
[88, 124, 127] (0.9750036976778583 6592)
[34, 75, 91] (0.9612483360449637 6499)
[55, 85, 91] (0.954000887442686 6450)
[34, 88, 127] (0.9529655376423606 6443)
[106, 124, 127] (0.9752995119065228 6594)
[37, 72, 109] (0.9683478775329093 6547)
[37, 72, 127] (0.9684957846472415 6548)
[121, 124, 127] (0.9523739091850318 6439)
[52, 55, 127] (0.9611004289306315 6498)
[72, 75, 109] (0.9763348617068481 6601)
[16, 109, 124] (0.9529655376423606 6443)
[37, 103, 106] (0.9513385593847064 6432)
[85, 88, 91] (0.9636148498742789 6515)
[75, 106, 124] (0.9705664842478923 6562)
[37, 72, 106] (0.9587339151013163 6482)
[72, 75, 127] (0.9764827688211803 6602)
[52, 91, 106] (0.9507469309273776 6428)
[72, 75, 106] (0.9667208992752552 6536)
[19, 37, 127] (0.9841739387664546 6654)
[16, 88, 91] (0.9562194941576689 6465)
[19, 91, 106] (0.9818074249371395 6638)
[19, 103, 106] (0.953261351871025 6445)
[55, 75, 106] (0.9741162549918652 6586)
[72, 91, 106] (0.9661292708179263 6532)
[34, 91, 106] (0.9544446087856826 6453)
[37, 55, 109] (0.9804762609081497 6629)
[16, 55, 109] (0.9565153083863334 6467)
[16, 106, 109] (0.9565153083863334 6467)
[19, 91, 109] (0.9914213873687324 6703)
[16, 75, 124] (0.9501553024700488 6424)
[91, 121, 124] (0.951782280727703 6435)
[37, 103, 109] (0.9513385593847064 6432)
[19, 88, 91] (0.9821032391658039 6640)
[34, 91, 109] (0.9640585712172756 6518)
[37, 85, 88] (0.9556278657003402 6461)
[37, 88, 127] (0.9784055613074989 6615)
[19, 52, 127] (0.9550362372430113 6457)
[19, 37, 91] (0.9853571956811122 6662)
[19, 52, 75] (0.9520780949563674 6437)
[55, 106, 109] (0.9788492826504955 6618)
[52, 106, 109] (0.9513385593847064 6432)
[72, 91, 109] (0.9757432332495193 6597)
[34, 37, 75] (0.9618399645022926 6503)
[19, 52, 55] (0.9568111226149978 6469)
[37, 72, 124] (0.9571069368436622 6471)
[37, 124, 127] (0.9788492826504955 6618)
[19, 72, 88] (0.9603608933589706 6493)
[16, 75, 127] (0.9615441502736282 6501)
[16, 88, 127] (0.9544446087856826 6453)
[37, 55, 106] (0.9708622984765567 6564)
[55, 106, 127] (0.9770743972785091 6606)
[52, 91, 109] (0.9603608933589706 6493)
[34, 37, 55] (0.95695902972933 6470)
[109, 124, 127] (0.9849134743381157 6659)
[19, 37, 72] (0.9642064783316078 6519)
[34, 109, 127] (0.962875314302618 6510)
[16, 75, 109] (0.961396243159296 6500)
[19, 88, 106] (0.9705664842478923 6562)
[75, 91, 106] (0.9831385889661293 6647)
[37, 52, 75] (0.9501553024700488 6424)
[37, 55, 124] (0.9692353202189026 6553)
[55, 88, 124] (0.9653897352462654 6527)
[75, 106, 127] (0.9819553320514717 6639)
[37, 85, 127] (0.9538529803283538 6449)
[72, 91, 124] (0.9645022925602722 6521)
[16, 55, 127] (0.9566632155006656 6468)
[72, 75, 88] (0.9664250850465907 6534)
[37, 91, 106] (0.9798846324508209 6625)
[55, 72, 75] (0.9686436917615737 6549)
[55, 85, 88] (0.954000887442686 6450)
[19, 55, 124] (0.9711581127052211 6566)
[37, 106, 124] (0.9673125277325839 6540)
[34, 91, 127] (0.9642064783316078 6519)
[55, 109, 127] (0.986688359710102 6671)
[37, 88, 124] (0.9670167135039195 6538)
[19, 106, 109] (0.9823990533944683 6642)
[37, 52, 55] (0.9548883301286792 6456)
[16, 109, 127] (0.96435438544594 6520)
[75, 106, 109] (0.9837302174234581 6651)
[19, 88, 127] (0.9803283537938174 6628)
[106, 109, 124] (0.9752995119065228 6594)
[55, 72, 109] (0.9667208992752552 6536)
[37, 91, 109] (0.9894985948824139 6690)
[75, 91, 103] (0.954000887442686 6450)
[19, 55, 127] (0.9825469605088005 6643)
[34, 91, 124] (0.9528176305280284 6442)
[75, 85, 109] (0.95695902972933 6470)
[34, 55, 109] (0.9550362372430113 6457)
[34, 106, 127] (0.953261351871025 6445)
[88, 106, 124] (0.9634669427599467 6514)
[88, 91, 124] (0.9750036976778583 6592)
[19, 55, 106] (0.9727850909628754 6577)
[34, 109, 124] (0.9514864664990386 6433)
[52, 75, 109] (0.9562194941576689 6465)
[34, 37, 91] (0.9659813637035941 6531)
[55, 72, 88] (0.9568111226149978 6469)
[103, 106, 109] (0.9593255435586452 6486)
[34, 75, 88] (0.9500073953557167 6423)
[72, 91, 127] (0.9758911403638515 6598)
[88, 106, 127] (0.9748557905635261 6591)
[37, 91, 103] (0.9507469309273776 6428)
[85, 106, 109] (0.9520780949563674 6437)
[16, 37, 127] (0.9582901937583198 6479)
[55, 109, 124] (0.9752995119065228 6594)
[75, 91, 109] (0.9927525513977222 6712)
[103, 109, 127] (0.9575506581866587 6474)
[55, 72, 106] (0.9571069368436622 6471)
[91, 109, 127] (0.9957106936843663 6732)
[55, 75, 88] (0.9738204407632007 6584)
[75, 103, 127] (0.9528176305280284 6442)
[106, 109, 127] (0.986688359710102 6671)
[19, 106, 124] (0.9692353202189026 6553)
[75, 85, 127] (0.9571069368436622 6471)
[19, 88, 109] (0.9801804466794852 6627)
[37, 88, 91] (0.9801804466794852 6627)
[88, 91, 127] (0.9863925454814376 6669)
[34, 88, 109] (0.9528176305280284 6442)
[34, 55, 127] (0.9551841443573436 6458)
[19, 106, 127] (0.9806241680224819 6630)
[19, 75, 127] (0.987427895281763 6676)
[52, 109, 127] (0.959177636444313 6485)
[16, 19, 91] (0.9674604348469161 6541)
[37, 55, 127] (0.9806241680224819 6630)
[37, 106, 127] (0.9787013755361633 6617)
[19, 88, 124] (0.9689395059902381 6551)
[16, 75, 106] (0.951782280727703 6435)
[37, 75, 106] (0.9757432332495193 6597)
[19, 72, 106] (0.960656707587635 6495)
[52, 55, 91] (0.9622836858452891 6506)
[91, 109, 124] (0.9843218458807869 6655)
[85, 88, 127] (0.9618399645022926 6503)
[37, 55, 72] (0.960656707587635 6495)
[16, 37, 55] (0.9504511166987132 6426)
[37, 55, 91] (0.9818074249371395 6638)
[37, 72, 75] (0.970270670019228 6560)
[19, 109, 124] (0.9788492826504955 6618)
[19, 55, 88] (0.9724892767342109 6575)
[72, 88, 124] (0.953261351871025 6445)
[85, 124, 127] (0.9504511166987132 6426)
[19, 72, 109] (0.970270670019228 6560)
[34, 106, 109] (0.9550362372430113 6457)
[19, 72, 91] (0.9716018340482178 6569)
[37, 72, 88] (0.958438100872652 6480)
[19, 37, 55] (0.9763348617068481 6601)
[19, 75, 88] (0.9773702115071735 6608)
[75, 85, 88] (0.9588818222156485 6483)
[91, 106, 109] (0.9878716166247596 6679)
[19, 85, 91] (0.9575506581866587 6474)
[72, 106, 124] (0.9535571660996894 6447)
[19, 85, 127] (0.9557757728146724 6462)
[85, 88, 106] (0.9520780949563674 6437)
[19, 34, 37] (0.9605088004733028 6494)
[19, 75, 85] (0.9528176305280284 6442)
[91, 124, 127] (0.9862446383671054 6668)
[72, 106, 127] (0.9649460139032687 6524)
[16, 19, 37] (0.9600650791303061 6491)
[55, 88, 91] (0.9785534684218311 6616)
[16, 37, 109] (0.9581422866439876 6478)
[37, 75, 85] (0.9508948380417098 6429)
[91, 103, 127] (0.95695902972933 6470)
[72, 75, 91] (0.9776660257358379 6610)
[52, 75, 91] (0.9575506581866587 6474)
[19, 55, 75] (0.9795888182221565 6623)
[55, 91, 109] (0.9878716166247596 6679)
[37, 91, 124] (0.9782576541931667 6614)
[19, 85, 109] (0.9556278657003402 6461)
[85, 88, 124] (0.9504511166987132 6426)
[37, 75, 91] (0.986688359710102 6671)
[16, 19, 109] (0.9661292708179263 6532)
[19, 85, 88] (0.9575506581866587 6474)
[55, 72, 127] (0.9668688063895874 6537)
[19, 55, 109] (0.9823990533944683 6642)
[37, 75, 124] (0.9741162549918652 6586)
[16, 75, 91] (0.9627274071882858 6509)
[19, 52, 109] (0.9548883301286792 6456)
[34, 37, 127] (0.9647981067889365 6523)
[109, 121, 124] (0.9504511166987132 6426)
[16, 75, 88] (0.9514864664990386 6433)
[85, 91, 106] (0.9520780949563674 6437)
[85, 91, 127] (0.9618399645022926 6503)
[55, 88, 127] (0.9767785830498447 6604)
[37, 106, 109] (0.9804762609081497 6629)
[75, 103, 109] (0.9545925159000148 6454)
[75, 88, 127] (0.9816595178228072 6637)
[37, 55, 75] (0.9776660257358379 6610)
[16, 55, 75] (0.9537050732140216 6448)
[16, 91, 109] (0.9655376423605976 6528)
[37, 52, 109] (0.9529655376423606 6443)
[72, 88, 127] (0.9646501996746043 6522)
[19, 75, 109] (0.9872799881674309 6675)
[19, 103, 127] (0.9514864664990386 6433)
[55, 124, 127] (0.9772223043928413 6607)
[85, 106, 127] (0.950303209584381 6425)
[34, 55, 75] (0.9522260020706996 6438)
[37, 55, 88] (0.9705664842478923 6562)
[16, 91, 106] (0.9559236799290046 6463)
[75, 124, 127] (0.9821032391658039 6640)
[55, 88, 106] (0.9670167135039195 6538)
[19, 75, 106] (0.9776660257358379 6610)
[75, 91, 127] (0.9929004585120544 6713)
[19, 34, 91] (0.9599171720159739 6490)
[55, 75, 91] (0.9850613814524478 6660)
[55, 72, 124] (0.955479958586008 6460)
[16, 19, 106] (0.9565153083863334 6467)
[55, 85, 127] (0.9522260020706996 6438)
[16, 124, 127] (0.9548883301286792 6456)
[37, 52, 91] (0.9542967016713504 6452)
[37, 75, 127] (0.9855051027954445 6663)
[88, 106, 109] (0.9766306759355124 6603)
[75, 103, 106] (0.9545925159000148 6454)
[85, 91, 124] (0.9504511166987132 6426)
[109, 121, 127] (0.9504511166987132 6426)
[37, 75, 106, 124] (0.9625795000739535 6508)
[19, 75, 85, 88] (0.9528176305280284 6442)
[34, 91, 106, 127] (0.9526697234136962 6441)
[34, 91, 109, 124] (0.9508948380417098 6429)
[19, 72, 88, 109] (0.958438100872652 6480)
[19, 34, 91, 127] (0.9581422866439876 6478)
[19, 37, 55, 91] (0.9757432332495193 6597)
[19, 37, 55, 72] (0.9545925159000148 6454)
[85, 106, 109, 127] (0.950303209584381 6425)
[19, 85, 88, 109] (0.9556278657003402 6461)
[72, 75, 109, 127] (0.9745599763348617 6589)
[72, 88, 91, 106] (0.9548883301286792 6456)
[16, 19, 37, 55] (0.9504511166987132 6426)
[37, 109, 124, 127] (0.9769264901641769 6605)
[72, 88, 91, 127] (0.9646501996746043 6522)
[16, 37, 109, 127] (0.9563674012720011 6466)
[37, 55, 72, 91] (0.9600650791303061 6491)
[52, 55, 75, 109] (0.9562194941576689 6465)
[37, 52, 55, 127] (0.9531134447566928 6444)
[19, 55, 106, 109] (0.9727850909628754 6577)
[55, 88, 109, 124] (0.9634669427599467 6514)
[16, 37, 91, 109] (0.9575506581866587 6474)
[55, 85, 88, 91] (0.954000887442686 6450)
[37, 91, 103, 106] (0.9507469309273776 6428)
[19, 37, 55, 75] (0.9716018340482178 6569)
[85, 88, 124, 127] (0.9504511166987132 6426)
[16, 19, 37, 127] (0.9582901937583198 6479)
[85, 91, 106, 127] (0.950303209584381 6425)
[34, 37, 55, 75] (0.9522260020706996 6438)
[19, 37, 88, 106] (0.9625795000739535 6508)
[88, 91, 124, 127] (0.9750036976778583 6592)
[16, 19, 75, 91] (0.9627274071882858 6509)
[55, 72, 91, 124] (0.9548883301286792 6456)
[72, 75, 88, 91] (0.9664250850465907 6534)
[19, 37, 106, 109] (0.9744120692205295 6588)
[75, 91, 103, 109] (0.954000887442686 6450)
[37, 72, 109, 124] (0.9551841443573436 6458)
[37, 103, 106, 109] (0.9513385593847064 6432)
[19, 88, 124, 127] (0.9689395059902381 6551)
[19, 37, 88, 127] (0.9723413696198787 6574)
[19, 103, 106, 127] (0.9514864664990386 6433)
[34, 37, 88, 91] (0.954740423014347 6455)
[55, 72, 91, 106] (0.9565153083863334 6467)
[75, 91, 103, 106] (0.954000887442686 6450)
[34, 37, 75, 88] (0.9500073953557167 6423)
[55, 91, 124, 127] (0.9766306759355124 6603)
[37, 55, 72, 109] (0.9587339151013163 6482)
[19, 55, 109, 127] (0.9806241680224819 6630)
[16, 55, 91, 127] (0.9560715870433368 6464)
[19, 55, 72, 88] (0.9507469309273776 6428)
[72, 91, 124, 127] (0.9645022925602722 6521)
[19, 37, 88, 109] (0.9721934625055465 6573)
[16, 55, 75, 127] (0.9519301878420352 6436)
[37, 75, 106, 127] (0.973968347877533 6585)
[55, 72, 91, 127] (0.9662771779322585 6533)
[72, 75, 106, 127] (0.9649460139032687 6524)
[19, 37, 106, 127] (0.9726371838485431 6576)
[55, 106, 109, 127] (0.9770743972785091 6606)
[91, 106, 109, 127] (0.9860967312527733 6667)
[37, 72, 88, 127] (0.9566632155006656 6468)
[55, 75, 88, 91] (0.9738204407632007 6584)
[16, 91, 106, 109] (0.9559236799290046 6463)
[37, 72, 109, 127] (0.966572992160923 6535)
[19, 72, 75, 106] (0.960656707587635 6495)
[19, 37, 75, 109] (0.9792930039934921 6621)
[16, 91, 124, 127] (0.9542967016713504 6452)
[19, 109, 124, 127] (0.9788492826504955 6618)
[19, 91, 109, 127] (0.9896465019967461 6691)
[55, 72, 91, 109] (0.9661292708179263 6532)
[37, 55, 75, 88] (0.9658334565892619 6530)
[19, 55, 124, 127] (0.9711581127052211 6566)
[72, 88, 109, 127] (0.9627274071882858 6509)
[55, 109, 124, 127] (0.9752995119065228 6594)
[19, 37, 72, 75] (0.9642064783316078 6519)
[37, 85, 88, 127] (0.9538529803283538 6449)
[55, 75, 88, 124] (0.960656707587635 6495)
[16, 19, 37, 109] (0.9581422866439876 6478)
[72, 75, 106, 109] (0.9667208992752552 6536)
[19, 75, 88, 109] (0.9754474190208549 6595)
[37, 52, 109, 127] (0.9511906522703742 6431)
[75, 91, 106, 124] (0.9699748557905635 6558)
[16, 19, 109, 124] (0.9529655376423606 6443)
[55, 75, 106, 127] (0.9723413696198787 6574)
[19, 88, 91, 106] (0.9705664842478923 6562)
[19, 75, 88, 106] (0.9658334565892619 6530)
[55, 75, 106, 124] (0.9609525218162993 6497)
[19, 75, 91, 124] (0.9754474190208549 6595)
[75, 91, 106, 127] (0.9813637035941429 6635)
[19, 75, 88, 127] (0.9755953261351871 6596)
[37, 88, 124, 127] (0.9670167135039195 6538)
[19, 55, 91, 109] (0.9818074249371395 6638)
[91, 103, 109, 127] (0.95695902972933 6470)
[19, 72, 75, 109] (0.970270670019228 6560)
[37, 75, 85, 91] (0.9508948380417098 6429)
[16, 75, 109, 127] (0.9596213577873096 6488)
[19, 52, 91, 127] (0.9544446087856826 6453)
[52, 55, 75, 127] (0.9563674012720011 6466)
[55, 75, 88, 127] (0.9720455553912143 6572)
[19, 55, 106, 127] (0.9710102055908889 6565)
[16, 55, 91, 109] (0.9559236799290046 6463)
[72, 75, 91, 106] (0.9661292708179263 6532)
[55, 91, 106, 109] (0.9782576541931667 6614)
[16, 75, 106, 109] (0.951782280727703 6435)
[55, 106, 124, 127] (0.9656855494749298 6529)
[34, 91, 109, 127] (0.9622836858452891 6506)
[19, 34, 75, 109] (0.9538529803283538 6449)
[19, 75, 91, 109] (0.986688359710102 6671)
[72, 88, 109, 124] (0.9513385593847064 6432)
[19, 55, 106, 124] (0.9596213577873096 6488)
[72, 75, 91, 109] (0.9757432332495193 6597)
[19, 72, 124, 127] (0.9590297293299808 6484)
[37, 55, 72, 75] (0.960656707587635 6495)
[19, 85, 109, 127] (0.9538529803283538 6449)
[19, 75, 91, 106] (0.9770743972785091 6606)
[52, 91, 109, 127] (0.9585860079869841 6481)
[19, 88, 91, 109] (0.9801804466794852 6627)
[91, 106, 109, 124] (0.9747078834491939 6590)
[72, 88, 91, 124] (0.953261351871025 6445)
[16, 55, 75, 109] (0.951782280727703 6435)
[19, 91, 109, 124] (0.9782576541931667 6614)
[19, 37, 91, 124] (0.9721934625055465 6573)
[19, 37, 72, 124] (0.951042745156042 6430)
[19, 34, 109, 127] (0.9568111226149978 6469)
[34, 37, 55, 91] (0.9563674012720011 6466)
[55, 75, 88, 106] (0.9622836858452891 6506)
[34, 75, 91, 127] (0.9594734506729774 6487)
[34, 37, 75, 91] (0.9612483360449637 6499)
[55, 72, 75, 124] (0.955479958586008 6460)
[34, 55, 109, 127] (0.953261351871025 6445)
[16, 19, 37, 75] (0.9553320514716758 6459)
[52, 55, 88, 91] (0.951042745156042 6430)
[37, 72, 88, 109] (0.9565153083863334 6467)
[19, 37, 55, 124] (0.9631711285312824 6512)
[16, 109, 124, 127] (0.9529655376423606 6443)
[19, 72, 75, 127] (0.9704185771335602 6561)
[19, 55, 75, 109] (0.9776660257358379 6610)
[85, 88, 91, 109] (0.9616920573879604 6502)
[88, 106, 124, 127] (0.9634669427599467 6514)
[16, 19, 124, 127] (0.9548883301286792 6456)
[19, 37, 91, 127] (0.9835823103091259 6650)
[19, 34, 37, 91] (0.9599171720159739 6490)
[19, 72, 75, 91] (0.9716018340482178 6569)
[19, 37, 75, 127] (0.9794409111078243 6622)
[72, 91, 109, 127] (0.973968347877533 6585)
[55, 72, 124, 127] (0.955479958586008 6460)
[19, 55, 72, 106] (0.951042745156042 6430)
[72, 88, 124, 127] (0.953261351871025 6445)
[16, 75, 91, 109] (0.9608046147019672 6496)
[19, 75, 91, 127] (0.9868362668244343 6672)
[37, 72, 75, 88] (0.958438100872652 6480)
[19, 85, 91, 127] (0.9557757728146724 6462)
[37, 88, 106, 124] (0.955479958586008 6460)
[19, 55, 72, 127] (0.9608046147019672 6496)
[19, 37, 72, 91] (0.9636148498742789 6515)
[19, 37, 75, 106] (0.9696790415618991 6556)
[75, 109, 124, 127] (0.9801804466794852 6627)
[37, 72, 91, 127] (0.9679041561899128 6544)
[109, 121, 124, 127] (0.9504511166987132 6426)
[34, 88, 91, 109] (0.9528176305280284 6442)
[37, 72, 124, 127] (0.9571069368436622 6471)
[34, 37, 88, 127] (0.9529655376423606 6443)
[19, 37, 72, 127] (0.9624315929596213 6507)
[72, 91, 109, 124] (0.9625795000739535 6508)
[19, 37, 88, 91] (0.9741162549918652 6586)
[19, 55, 72, 109] (0.960656707587635 6495)
[75, 91, 106, 109] (0.9831385889661293 6647)
[16, 37, 75, 91] (0.954740423014347 6455)
[85, 88, 91, 106] (0.9520780949563674 6437)
[37, 52, 55, 91] (0.9542967016713504 6452)
[55, 75, 106, 109] (0.9741162549918652 6586)
[75, 91, 109, 124] (0.9795888182221565 6623)
[55, 91, 109, 124] (0.9747078834491939 6590)
[19, 37, 75, 124] (0.968052063304245 6545)
[55, 106, 109, 124] (0.9656855494749298 6529)
[34, 75, 88, 91] (0.9500073953557167 6423)
[19, 55, 75, 106] (0.968052063304245 6545)
[72, 91, 106, 109] (0.9661292708179263 6532)
[19, 34, 37, 75] (0.9557757728146724 6462)
[75, 85, 88, 127] (0.9571069368436622 6471)
[19, 37, 55, 127] (0.9745599763348617 6589)
[19, 34, 37, 55] (0.9508948380417098 6429)
[34, 37, 88, 109] (0.9528176305280284 6442)
[55, 72, 75, 127] (0.9668688063895874 6537)
[72, 75, 88, 109] (0.9645022925602722 6521)
[19, 55, 109, 124] (0.9692353202189026 6553)
[37, 85, 88, 109] (0.9537050732140216 6448)
[34, 55, 91, 127] (0.9545925159000148 6454)
[19, 75, 85, 91] (0.9528176305280284 6442)
[55, 91, 106, 124] (0.9650939210176009 6525)
[19, 55, 75, 91] (0.9789971897648276 6619)
[19, 37, 106, 124] (0.9612483360449637 6499)
[19, 55, 75, 124] (0.9664250850465907 6534)
[19, 34, 37, 127] (0.9587339151013163 6482)
[75, 91, 109, 127] (0.9909776660257359 6700)
[37, 52, 55, 75] (0.9501553024700488 6424)
[55, 91, 109, 127] (0.9860967312527733 6667)
[55, 88, 106, 109] (0.9670167135039195 6538)
[19, 85, 88, 127] (0.9557757728146724 6462)
[19, 88, 109, 127] (0.9784055613074989 6615)
[19, 37, 91, 106] (0.9738204407632007 6584)
[34, 55, 91, 109] (0.9544446087856826 6453)
[34, 75, 91, 109] (0.9593255435586452 6486)
[16, 75, 124, 127] (0.9501553024700488 6424)
[88, 91, 106, 109] (0.9766306759355124 6603)
[19, 106, 124, 127] (0.9692353202189026 6553)
[75, 106, 124, 127] (0.9705664842478923 6562)
[55, 88, 106, 127] (0.9652418281319332 6526)
[37, 75, 88, 109] (0.9735246265345363 6582)
[103, 106, 109, 127] (0.9575506581866587 6474)
[34, 88, 91, 127] (0.9529655376423606 6443)
[88, 91, 109, 127] (0.9844697529951191 6656)
[37, 55, 91, 124] (0.9686436917615737 6549)
[19, 37, 91, 109] (0.9834344031947937 6649)
[37, 75, 124, 127] (0.9741162549918652 6586)
[72, 75, 91, 124] (0.9645022925602722 6521)
[55, 91, 106, 127] (0.9764827688211803 6602)
[19, 34, 75, 127] (0.954000887442686 6450)
[37, 72, 91, 124] (0.9565153083863334 6467)
[52, 55, 91, 109] (0.9603608933589706 6493)
[72, 75, 91, 127] (0.9758911403638515 6598)
[19, 72, 75, 124] (0.9590297293299808 6484)
[19, 55, 75, 127] (0.97781393285017 6611)
[16, 19, 55, 109] (0.9565153083863334 6467)
[37, 55, 91, 127] (0.9800325395651531 6626)
[19, 88, 109, 124] (0.9670167135039195 6538)
[37, 72, 91, 106] (0.9581422866439876 6478)
[91, 121, 124, 127] (0.951782280727703 6435)
[37, 75, 106, 109] (0.9757432332495193 6597)
[19, 37, 109, 124] (0.9708622984765567 6564)
[55, 75, 88, 109] (0.9718976482768821 6571)
[72, 75, 109, 124] (0.9631711285312824 6512)
[16, 19, 75, 88] (0.9514864664990386 6433)
[52, 55, 91, 127] (0.9605088004733028 6494)
[19, 37, 109, 127] (0.9822511462801361 6641)
[34, 37, 124, 127] (0.9534092589853572 6446)
[55, 85, 88, 127] (0.9522260020706996 6438)
[19, 88, 106, 124] (0.9574027510723265 6473)
[19, 34, 37, 109] (0.9585860079869841 6481)
[19, 72, 88, 91] (0.9603608933589706 6493)
[55, 88, 106, 124] (0.9538529803283538 6449)
[34, 75, 109, 127] (0.9581422866439876 6478)
[16, 19, 88, 109] (0.9542967016713504 6452)
[37, 55, 72, 127] (0.9588818222156485 6483)
[88, 91, 109, 124] (0.9730809051915397 6579)
[37, 72, 91, 109] (0.9677562490755806 6543)
[52, 55, 91, 106] (0.9507469309273776 6428)
[55, 88, 109, 127] (0.9748557905635261 6591)
[19, 34, 91, 109] (0.9579943795296554 6477)
[37, 88, 106, 109] (0.9686436917615737 6549)
[37, 88, 91, 124] (0.9670167135039195 6538)
[19, 72, 106, 109] (0.960656707587635 6495)
[37, 55, 88, 124] (0.9574027510723265 6473)
[16, 37, 75, 109] (0.9534092589853572 6446)
[37, 75, 88, 106] (0.9639106641029433 6517)
[37, 75, 109, 124] (0.9721934625055465 6573)
[19, 52, 55, 75] (0.9520780949563674 6437)
[75, 85, 91, 127] (0.9571069368436622 6471)
[16, 75, 88, 91] (0.9514864664990386 6433)
[52, 75, 91, 109] (0.9556278657003402 6461)
[37, 55, 91, 109] (0.9798846324508209 6625)
[75, 103, 106, 109] (0.9545925159000148 6454)
[16, 19, 55, 127] (0.9566632155006656 6468)
[55, 75, 91, 109] (0.9831385889661293 6647)
[37, 88, 109, 124] (0.9650939210176009 6525)
[37, 55, 124, 127] (0.9692353202189026 6553)
[37, 75, 88, 124] (0.9622836858452891 6506)
[19, 75, 85, 109] (0.9508948380417098 6429)
[85, 88, 109, 127] (0.9599171720159739 6490)
[55, 72, 109, 124] (0.9535571660996894 6447)
[34, 109, 124, 127] (0.9514864664990386 6433)
[37, 55, 106, 127] (0.9690874131045704 6552)
[75, 85, 88, 91] (0.9588818222156485 6483)
[72, 88, 106, 127] (0.9531134447566928 6444)
[75, 103, 106, 127] (0.9528176305280284 6442)
[55, 72, 88, 127] (0.9550362372430113 6457)
[37, 55, 91, 106] (0.970270670019228 6560)
[19, 72, 91, 109] (0.9696790415618991 6556)
[72, 106, 124, 127] (0.9535571660996894 6447)
[37, 85, 109, 127] (0.9519301878420352 6436)
[16, 19, 88, 91] (0.9562194941576689 6465)
[37, 75, 88, 127] (0.9736725336488685 6583)
[55, 75, 91, 106] (0.9735246265345363 6582)
[55, 75, 91, 127] (0.9832864960804615 6648)
[19, 85, 88, 91] (0.9575506581866587 6474)
[75, 88, 109, 127] (0.9797367253364887 6624)
[72, 91, 106, 127] (0.96435438544594 6520)
[19, 72, 75, 88] (0.9603608933589706 6493)
[55, 85, 88, 109] (0.9520780949563674 6437)
[37, 75, 109, 127] (0.9835823103091259 6650)
[37, 85, 91, 127] (0.9538529803283538 6449)
[37, 85, 88, 91] (0.9556278657003402 6461)
[19, 37, 124, 127] (0.9727850909628754 6577)
[34, 55, 75, 127] (0.9504511166987132 6426)
[19, 52, 55, 109] (0.9548883301286792 6456)
[37, 75, 85, 88] (0.9508948380417098 6429)
[37, 91, 109, 127] (0.9877237095104274 6678)
[37, 72, 106, 127] (0.95695902972933 6470)
[37, 52, 55, 109] (0.9529655376423606 6443)
[55, 72, 109, 127] (0.9649460139032687 6524)
[37, 85, 91, 109] (0.9537050732140216 6448)
[72, 88, 106, 109] (0.9548883301286792 6456)
[19, 75, 106, 109] (0.9776660257358379 6610)
[19, 75, 88, 91] (0.9773702115071735 6608)
[52, 55, 106, 109] (0.9513385593847064 6432)
[37, 55, 106, 124] (0.957698565300991 6475)
[19, 72, 91, 106] (0.9600650791303061 6491)
[37, 55, 88, 109] (0.9686436917615737 6549)
[55, 75, 91, 124] (0.9718976482768821 6571)
[91, 109, 124, 127] (0.9843218458807869 6655)
[72, 91, 106, 124] (0.9529655376423606 6443)
[37, 55, 75, 127] (0.9758911403638515 6598)
[37, 55, 75, 91] (0.9770743972785091 6606)
[34, 55, 75, 91] (0.9516343736133708 6434)
[37, 72, 75, 109] (0.9683478775329093 6547)
[55, 88, 91, 106] (0.9670167135039195 6538)
[19, 88, 106, 109] (0.9705664842478923 6562)
[19, 75, 109, 124] (0.9741162549918652 6586)
[19, 52, 75, 127] (0.950303209584381 6425)
[37, 55, 88, 127] (0.9687915988759059 6550)
[37, 55, 88, 91] (0.9705664842478923 6562)
[37, 88, 106, 127] (0.9668688063895874 6537)
[85, 88, 106, 127] (0.950303209584381 6425)
[37, 55, 88, 106] (0.9590297293299808 6484)
[19, 52, 75, 109] (0.9501553024700488 6424)
[88, 91, 106, 127] (0.9748557905635261 6591)
[37, 91, 109, 124] (0.9763348617068481 6601)
[16, 19, 75, 106] (0.951782280727703 6435)
[75, 88, 91, 127] (0.9816595178228072 6637)
[37, 55, 106, 109] (0.9708622984765567 6564)
[75, 106, 109, 124] (0.9705664842478923 6562)
[37, 72, 75, 127] (0.9684957846472415 6548)
[19, 55, 88, 91] (0.9724892767342109 6575)
[16, 19, 109, 127] (0.96435438544594 6520)
[19, 75, 109, 127] (0.9855051027954445 6663)
[55, 72, 75, 106] (0.9571069368436622 6471)
[72, 106, 109, 124] (0.9535571660996894 6447)
[19, 37, 75, 91] (0.9806241680224819 6630)
[19, 88, 91, 127] (0.9803283537938174 6628)
[37, 55, 75, 106] (0.9661292708179263 6532)
[19, 91, 106, 127] (0.9800325395651531 6626)
[72, 75, 88, 106] (0.9548883301286792 6456)
[19, 52, 109, 127] (0.9531134447566928 6444)
[19, 37, 72, 106] (0.9526697234136962 6441)
[37, 72, 75, 106] (0.9587339151013163 6482)
[55, 72, 75, 109] (0.9667208992752552 6536)
[88, 91, 106, 124] (0.9634669427599467 6514)
[72, 106, 109, 127] (0.9649460139032687 6524)
[37, 88, 91, 106] (0.9686436917615737 6549)
[52, 75, 109, 127] (0.9544446087856826 6453)
[55, 72, 75, 88] (0.9568111226149978 6469)
[34, 37, 55, 127] (0.9551841443573436 6458)
[55, 72, 106, 127] (0.9553320514716758 6459)
[16, 88, 91, 127] (0.9544446087856826 6453)
[19, 91, 106, 124] (0.9686436917615737 6549)
[75, 85, 88, 109] (0.95695902972933 6470)
[37, 75, 91, 109] (0.9847655672237835 6658)
[16, 19, 37, 91] (0.9594734506729774 6487)
[75, 88, 91, 109] (0.981511610708475 6636)
[55, 88, 91, 109] (0.9766306759355124 6603)
[37, 72, 75, 124] (0.9571069368436622 6471)
[75, 106, 109, 127] (0.9819553320514717 6639)
[34, 37, 55, 109] (0.9550362372430113 6457)
[19, 88, 91, 124] (0.9689395059902381 6551)
[19, 37, 72, 88] (0.9523739091850318 6439)
[19, 37, 55, 106] (0.9647981067889365 6523)
[55, 72, 88, 109] (0.9548883301286792 6456)
[55, 88, 91, 127] (0.9767785830498447 6604)
[16, 19, 106, 127] (0.954740423014347 6455)
[19, 52, 55, 91] (0.9562194941576689 6465)
[19, 91, 103, 109] (0.9526697234136962 6441)
[19, 37, 72, 109] (0.9622836858452891 6506)
[19, 55, 88, 106] (0.9609525218162993 6497)
[85, 88, 91, 124] (0.9504511166987132 6426)
[19, 88, 106, 127] (0.9687915988759059 6550)
[19, 52, 55, 127] (0.9550362372430113 6457)
[19, 55, 88, 127] (0.9707143913622245 6563)
[19, 85, 91, 109] (0.9556278657003402 6461)
[16, 19, 106, 109] (0.9565153083863334 6467)
[37, 55, 109, 127] (0.9787013755361633 6617)
[16, 75, 91, 127] (0.9609525218162993 6497)
[52, 55, 109, 127] (0.959177636444313 6485)
[85, 88, 106, 109] (0.9520780949563674 6437)
[37, 88, 91, 127] (0.9784055613074989 6615)
[37, 55, 75, 109] (0.9757432332495193 6597)
[19, 103, 109, 127] (0.9514864664990386 6433)
[19, 91, 106, 109] (0.9818074249371395 6638)
[37, 55, 109, 124] (0.9673125277325839 6540)
[19, 91, 103, 127] (0.9508948380417098 6429)
[19, 34, 55, 91] (0.950303209584381 6425)
[19, 55, 88, 124] (0.9593255435586452 6486)
[16, 37, 75, 127] (0.9535571660996894 6447)
[16, 19, 91, 124] (0.9542967016713504 6452)
[55, 75, 124, 127] (0.9724892767342109 6575)
[19, 37, 55, 109] (0.9744120692205295 6588)
[34, 106, 109, 127] (0.953261351871025 6445)
[34, 55, 75, 109] (0.950303209584381 6425)
[37, 88, 91, 109] (0.9782576541931667 6614)
[75, 88, 91, 106] (0.9718976482768821 6571)
[19, 91, 103, 106] (0.9526697234136962 6441)
[85, 91, 109, 127] (0.9599171720159739 6490)
[85, 88, 91, 127] (0.9618399645022926 6503)
[75, 88, 124, 127] (0.970270670019228 6560)
[19, 37, 75, 88] (0.9693832273332347 6554)
[34, 37, 106, 109] (0.9550362372430113 6457)
[16, 19, 55, 91] (0.9578464724153232 6476)
[55, 88, 91, 124] (0.9653897352462654 6527)
[16, 55, 75, 91] (0.9531134447566928 6444)
[72, 75, 88, 124] (0.953261351871025 6445)
[34, 37, 109, 127] (0.962875314302618 6510)
[55, 85, 91, 127] (0.9522260020706996 6438)
[37, 106, 109, 127] (0.9787013755361633 6617)
[16, 91, 106, 127] (0.9541487945570182 6451)
[16, 88, 109, 127] (0.952521816299364 6440)
[37, 91, 124, 127] (0.9782576541931667 6614)
[37, 72, 88, 91] (0.958438100872652 6480)
[34, 91, 124, 127] (0.9528176305280284 6442)
[16, 19, 75, 124] (0.9501553024700488 6424)
[37, 91, 106, 109] (0.9798846324508209 6625)
[91, 106, 124, 127] (0.9747078834491939 6590)
[16, 19, 91, 127] (0.9656855494749298 6529)
[19, 55, 88, 109] (0.9705664842478923 6562)
[85, 91, 124, 127] (0.9504511166987132 6426)
[34, 37, 75, 127] (0.9600650791303061 6491)
[34, 37, 91, 124] (0.9528176305280284 6442)
[55, 85, 91, 109] (0.9520780949563674 6437)
[75, 88, 106, 124] (0.9587339151013163 6482)
[52, 91, 106, 109] (0.9507469309273776 6428)
[19, 75, 88, 124] (0.9642064783316078 6519)
[75, 91, 124, 127] (0.981511610708475 6636)
[19, 55, 72, 91] (0.9619878716166248 6504)
[19, 55, 75, 88] (0.9677562490755806 6543)
[19, 106, 109, 124] (0.9692353202189026 6553)
[91, 103, 106, 127] (0.95695902972933 6470)
[37, 75, 88, 91] (0.9754474190208549 6595)
[19, 75, 124, 127] (0.9760390474781837 6599)
[37, 106, 109, 124] (0.9673125277325839 6540)
[16, 88, 91, 109] (0.9542967016713504 6452)
[16, 91, 109, 127] (0.9637627569886111 6516)
[16, 75, 106, 127] (0.9500073953557167 6423)
[55, 72, 75, 91] (0.968052063304245 6545)
[37, 75, 91, 106] (0.9751516047921905 6593)
[16, 19, 75, 109] (0.961396243159296 6500)
[19, 55, 91, 124] (0.9705664842478923 6562)
[16, 19, 75, 127] (0.9615441502736282 6501)
[75, 85, 109, 127] (0.9551841443573436 6458)
[75, 88, 91, 124] (0.970270670019228 6560)
[37, 91, 106, 124] (0.9667208992752552 6536)
[34, 37, 109, 124] (0.9514864664990386 6433)
[72, 109, 124, 127] (0.9631711285312824 6512)
[55, 72, 106, 109] (0.9571069368436622 6471)
[19, 75, 85, 127] (0.951042745156042 6430)
[19, 72, 109, 127] (0.9684957846472415 6548)
[34, 37, 91, 127] (0.9642064783316078 6519)
[75, 103, 109, 127] (0.9528176305280284 6442)
[37, 52, 91, 127] (0.952521816299364 6440)
[72, 75, 88, 127] (0.9646501996746043 6522)
[37, 75, 91, 127] (0.9849134743381157 6659)
[75, 88, 106, 127] (0.9701227629048957 6559)
[19, 55, 91, 127] (0.9819553320514717 6639)
[19, 52, 75, 91] (0.9514864664990386 6433)
[19, 106, 109, 127] (0.9806241680224819 6630)
[37, 75, 91, 124] (0.9735246265345363 6582)
[34, 37, 106, 127] (0.953261351871025 6445)
[16, 75, 91, 106] (0.9511906522703742 6431)
[19, 55, 91, 106] (0.9721934625055465 6573)
[52, 75, 91, 127] (0.9557757728146724 6462)
[75, 85, 91, 109] (0.95695902972933 6470)
[19, 72, 109, 124] (0.9571069368436622 6471)
[19, 72, 88, 127] (0.9585860079869841 6481)
[55, 75, 109, 127] (0.9819553320514717 6639)
[16, 55, 109, 127] (0.954740423014347 6455)
[16, 19, 91, 106] (0.9559236799290046 6463)
[19, 103, 106, 109] (0.953261351871025 6445)
[72, 75, 106, 124] (0.9535571660996894 6447)
[55, 72, 88, 91] (0.9568111226149978 6469)
[85, 91, 106, 109] (0.9520780949563674 6437)
[19, 75, 106, 124] (0.9645022925602722 6521)
[37, 72, 75, 91] (0.9696790415618991 6556)
[19, 52, 91, 109] (0.9542967016713504 6452)
[16, 91, 109, 124] (0.9523739091850318 6439)
[16, 19, 91, 109] (0.9655376423605976 6528)
[16, 19, 88, 127] (0.9544446087856826 6453)
[19, 75, 106, 127] (0.9758911403638515 6598)
[34, 37, 75, 109] (0.9599171720159739 6490)
[72, 75, 124, 127] (0.9650939210176009 6525)
[16, 37, 91, 127] (0.957698565300991 6475)
[88, 106, 109, 124] (0.9634669427599467 6514)
[55, 88, 124, 127] (0.9653897352462654 6527)
[55, 85, 109, 127] (0.950303209584381 6425)
[37, 91, 106, 127] (0.9781097470788345 6613)
[37, 55, 75, 124] (0.9645022925602722 6521)
[72, 88, 91, 109] (0.9645022925602722 6521)
[19, 91, 124, 127] (0.9801804466794852 6627)
[34, 88, 109, 127] (0.951042745156042 6430)
[37, 52, 91, 109] (0.9523739091850318 6439)
[37, 91, 103, 109] (0.9507469309273776 6428)
[19, 37, 55, 88] (0.9645022925602722 6521)
[88, 109, 124, 127] (0.9730809051915397 6579)
[34, 75, 106, 109] (0.950303209584381 6425)
[75, 91, 103, 127] (0.9522260020706996 6438)
[19, 34, 75, 91] (0.9551841443573436 6458)
[34, 37, 75, 106] (0.950303209584381 6425)
[34, 37, 91, 106] (0.9544446087856826 6453)
[75, 88, 106, 109] (0.9718976482768821 6571)
[91, 103, 106, 109] (0.9587339151013163 6482)
[37, 88, 109, 127] (0.9764827688211803 6602)
[34, 91, 106, 109] (0.9544446087856826 6453)
[19, 37, 88, 124] (0.9609525218162993 6497)
[16, 19, 55, 75] (0.9537050732140216 6448)
[19, 72, 91, 127] (0.9698269486762313 6557)
[16, 106, 109, 127] (0.954740423014347 6455)
[52, 55, 75, 91] (0.9575506581866587 6474)
[37, 106, 124, 127] (0.9673125277325839 6540)
[106, 109, 124, 127] (0.9752995119065228 6594)
[19, 72, 91, 124] (0.958438100872652 6480)
[19, 55, 72, 75] (0.9625795000739535 6508)
[37, 72, 106, 109] (0.9587339151013163 6482)
[19, 72, 106, 127] (0.9588818222156485 6483)
[75, 88, 109, 124] (0.9683478775329093 6547)
[88, 106, 109, 127] (0.9748557905635261 6591)
[34, 37, 91, 109] (0.9640585712172756 6518)
[55, 75, 109, 124] (0.9705664842478923 6562)
[34, 37, 88, 91, 109] (0.9528176305280284 6442)
[16, 91, 106, 109, 127] (0.9541487945570182 6451)
[37, 106, 109, 124, 127] (0.9673125277325839 6540)
[37, 55, 88, 91, 106] (0.9590297293299808 6484)
[37, 55, 75, 106, 124] (0.9529655376423606 6443)
[37, 55, 91, 109, 127] (0.9781097470788345 6613)
[37, 55, 106, 124, 127] (0.957698565300991 6475)
[85, 88, 91, 106, 127] (0.950303209584381 6425)
[37, 55, 75, 109, 127] (0.973968347877533 6585)
[37, 55, 91, 109, 124] (0.9667208992752552 6536)
[37, 55, 75, 91, 106] (0.9655376423605976 6528)
[55, 72, 88, 91, 127] (0.9550362372430113 6457)
[19, 72, 75, 91, 127] (0.9698269486762313 6557)
[37, 55, 88, 91, 109] (0.9686436917615737 6549)
[16, 91, 109, 124, 127] (0.9523739091850318 6439)
[19, 37, 91, 109, 124] (0.970270670019228 6560)
[37, 91, 106, 109, 124] (0.9667208992752552 6536)
[85, 88, 91, 124, 127] (0.9504511166987132 6426)
[16, 19, 55, 91, 109] (0.9559236799290046 6463)
[55, 72, 75, 88, 109] (0.9548883301286792 6456)
[19, 37, 88, 91, 124] (0.9609525218162993 6497)
[16, 19, 75, 109, 127] (0.9596213577873096 6488)
[55, 72, 75, 106, 127] (0.9553320514716758 6459)
[19, 75, 88, 91, 106] (0.9658334565892619 6530)
[37, 55, 75, 106, 127] (0.96435438544594 6520)
[16, 19, 88, 91, 127] (0.9544446087856826 6453)
[19, 72, 75, 91, 124] (0.958438100872652 6480)
[19, 75, 88, 91, 109] (0.9754474190208549 6595)
[19, 75, 88, 106, 109] (0.9658334565892619 6530)
[55, 72, 91, 106, 127] (0.954740423014347 6455)
[75, 85, 88, 91, 127] (0.9571069368436622 6471)
[72, 91, 109, 124, 127] (0.9625795000739535 6508)
[19, 55, 75, 109, 127] (0.9758911403638515 6598)
[37, 55, 75, 91, 109] (0.9751516047921905 6593)
[19, 37, 55, 72, 127] (0.9528176305280284 6442)
[16, 19, 75, 91, 109] (0.9608046147019672 6496)
[75, 88, 91, 106, 109] (0.9718976482768821 6571)
[19, 55, 88, 106, 127] (0.959177636444313 6485)
[19, 55, 75, 109, 124] (0.9645022925602722 6521)
[19, 55, 75, 88, 127] (0.9659813637035941 6531)
[19, 37, 88, 91, 127] (0.9723413696198787 6574)
[19, 37, 55, 91, 127] (0.973968347877533 6585)
[55, 88, 91, 124, 127] (0.9653897352462654 6527)
[55, 72, 106, 109, 127] (0.9553320514716758 6459)
[19, 91, 103, 106, 109] (0.9526697234136962 6441)
[37, 75, 88, 109, 127] (0.97174974116255 6570)
[55, 88, 109, 124, 127] (0.9634669427599467 6514)
[19, 55, 109, 124, 127] (0.9692353202189026 6553)
[19, 37, 88, 109, 124] (0.9590297293299808 6484)
[19, 55, 75, 88, 124] (0.9545925159000148 6454)
[52, 55, 75, 91, 127] (0.9557757728146724 6462)
[16, 19, 75, 91, 106] (0.9511906522703742 6431)
[37, 75, 91, 124, 127] (0.9735246265345363 6582)
[55, 75, 91, 124, 127] (0.9718976482768821 6571)
[55, 72, 75, 91, 106] (0.9565153083863334 6467)
[19, 37, 88, 106, 109] (0.9625795000739535 6508)
[19, 37, 55, 91, 124] (0.9625795000739535 6508)
[19, 37, 75, 124, 127] (0.968052063304245 6545)
[37, 75, 91, 106, 109] (0.9751516047921905 6593)
[19, 37, 72, 75, 88] (0.9523739091850318 6439)
[19, 34, 37, 91, 127] (0.9581422866439876 6478)
[19, 72, 109, 124, 127] (0.9571069368436622 6471)
[37, 91, 106, 124, 127] (0.9667208992752552 6536)
[55, 72, 75, 91, 109] (0.9661292708179263 6532)
[37, 75, 88, 109, 124] (0.9603608933589706 6493)
[19, 37, 88, 109, 127] (0.9704185771335602 6561)
[16, 55, 75, 91, 127] (0.9513385593847064 6432)
[37, 55, 75, 109, 124] (0.9625795000739535 6508)
[19, 37, 91, 106, 127] (0.9720455553912143 6572)
[19, 55, 75, 106, 124] (0.9548883301286792 6456)
[19, 37, 55, 124, 127] (0.9631711285312824 6512)
[37, 55, 72, 75, 91] (0.9600650791303061 6491)
[55, 75, 91, 109, 124] (0.9699748557905635 6558)
[37, 75, 88, 124, 127] (0.9622836858452891 6506)
[37, 52, 55, 91, 109] (0.9523739091850318 6439)
[37, 55, 88, 124, 127] (0.9574027510723265 6473)
[19, 72, 88, 91, 109] (0.958438100872652 6480)
[37, 72, 75, 109, 127] (0.966572992160923 6535)
[19, 85, 88, 109, 127] (0.9538529803283538 6449)
[37, 72, 91, 109, 127] (0.9659813637035941 6531)
[19, 91, 106, 109, 127] (0.9800325395651531 6626)
[19, 55, 75, 124, 127] (0.9664250850465907 6534)
[75, 85, 91, 109, 127] (0.9551841443573436 6458)
[16, 88, 91, 109, 127] (0.952521816299364 6440)
[19, 72, 91, 106, 109] (0.9600650791303061 6491)
[37, 75, 85, 88, 91] (0.9508948380417098 6429)
[34, 37, 55, 91, 109] (0.9544446087856826 6453)
[19, 75, 106, 124, 127] (0.9645022925602722 6521)
[19, 52, 55, 75, 91] (0.9514864664990386 6433)
[34, 37, 75, 91, 127] (0.9594734506729774 6487)
[55, 88, 106, 109, 124] (0.9538529803283538 6449)
[37, 55, 91, 106, 127] (0.9684957846472415 6548)
[16, 19, 106, 109, 127] (0.954740423014347 6455)
[37, 72, 91, 124, 127] (0.9565153083863334 6467)
[19, 91, 106, 109, 124] (0.9686436917615737 6549)
[37, 55, 88, 106, 109] (0.9590297293299808 6484)
[37, 88, 91, 106, 109] (0.9686436917615737 6549)
[37, 72, 75, 109, 124] (0.9551841443573436 6458)
[72, 75, 91, 106, 124] (0.9529655376423606 6443)
[19, 37, 91, 106, 124] (0.960656707587635 6495)
[55, 91, 106, 109, 127] (0.9764827688211803 6602)
[19, 55, 88, 124, 127] (0.9593255435586452 6486)
[19, 37, 55, 88, 106] (0.9529655376423606 6443)
[37, 55, 72, 109, 127] (0.95695902972933 6470)
[72, 91, 106, 109, 124] (0.9529655376423606 6443)
[16, 37, 75, 91, 127] (0.9529655376423606 6443)
[19, 37, 55, 88, 109] (0.9625795000739535 6508)
[19, 37, 55, 72, 91] (0.954000887442686 6450)
[19, 37, 75, 106, 127] (0.9679041561899128 6544)
[34, 37, 109, 124, 127] (0.9514864664990386 6433)
[19, 91, 106, 124, 127] (0.9686436917615737 6549)
[55, 85, 91, 109, 127] (0.950303209584381 6425)
[37, 75, 88, 91, 106] (0.9639106641029433 6517)
[19, 37, 72, 88, 109] (0.9504511166987132 6426)
[37, 85, 88, 91, 109] (0.9537050732140216 6448)
[37, 91, 106, 109, 127] (0.9781097470788345 6613)
[19, 34, 37, 75, 109] (0.9538529803283538 6449)
[19, 37, 91, 109, 127] (0.9816595178228072 6637)
[72, 75, 91, 106, 127] (0.96435438544594 6520)
[37, 85, 91, 109, 127] (0.9519301878420352 6436)
[72, 75, 88, 91, 106] (0.9548883301286792 6456)
[19, 37, 75, 109, 127] (0.9775181186215057 6609)
[19, 52, 91, 109, 127] (0.952521816299364 6440)
[19, 37, 75, 106, 124] (0.9565153083863334 6467)
[72, 75, 88, 91, 109] (0.9645022925602722 6521)
[75, 91, 103, 106, 109] (0.954000887442686 6450)
[75, 88, 91, 109, 124] (0.9683478775329093 6547)
[72, 91, 106, 109, 127] (0.96435438544594 6520)
[16, 19, 37, 91, 127] (0.957698565300991 6475)
[72, 88, 91, 106, 109] (0.9548883301286792 6456)
[19, 37, 75, 109, 124] (0.9661292708179263 6532)
[19, 37, 91, 124, 127] (0.9721934625055465 6573)
[37, 72, 91, 109, 124] (0.9545925159000148 6454)
[19, 37, 55, 72, 75] (0.9545925159000148 6454)
[37, 88, 91, 124, 127] (0.9670167135039195 6538)
[37, 85, 88, 109, 127] (0.9519301878420352 6436)
[55, 75, 106, 124, 127] (0.9609525218162993 6497)
[19, 75, 85, 88, 109] (0.9508948380417098 6429)
[37, 55, 91, 106, 124] (0.9571069368436622 6471)
[19, 37, 55, 88, 91] (0.9645022925602722 6521)
[55, 85, 88, 109, 127] (0.950303209584381 6425)
[19, 37, 109, 124, 127] (0.9708622984765567 6564)
[19, 55, 75, 106, 127] (0.9662771779322585 6533)
[34, 37, 106, 109, 127] (0.953261351871025 6445)
[19, 75, 88, 124, 127] (0.9642064783316078 6519)
[19, 55, 91, 124, 127] (0.9705664842478923 6562)
[19, 34, 75, 91, 109] (0.953261351871025 6445)
[75, 88, 91, 109, 127] (0.9797367253364887 6624)
[19, 75, 85, 88, 91] (0.9528176305280284 6442)
[72, 75, 88, 106, 127] (0.9531134447566928 6444)
[55, 72, 75, 88, 91] (0.9568111226149978 6469)
[55, 75, 91, 109, 127] (0.9813637035941429 6635)
[55, 72, 109, 124, 127] (0.9535571660996894 6447)
[19, 91, 109, 124, 127] (0.9782576541931667 6614)
[19, 75, 109, 124, 127] (0.9741162549918652 6586)
[34, 37, 75, 106, 109] (0.950303209584381 6425)
[19, 55, 88, 91, 109] (0.9705664842478923 6562)
[16, 19, 91, 106, 109] (0.9559236799290046 6463)
[19, 72, 75, 109, 124] (0.9571069368436622 6471)
[55, 75, 88, 91, 127] (0.9720455553912143 6572)
[19, 55, 91, 109, 127] (0.9800325395651531 6626)
[19, 75, 91, 106, 124] (0.9639106641029433 6517)
[85, 88, 91, 109, 127] (0.9599171720159739 6490)
[19, 75, 91, 106, 127] (0.9752995119065228 6594)
[88, 91, 109, 124, 127] (0.9730809051915397 6579)
[37, 55, 106, 109, 127] (0.9690874131045704 6552)
[88, 91, 106, 109, 124] (0.9634669427599467 6514)
[91, 106, 109, 124, 127] (0.9747078834491939 6590)
[19, 72, 75, 109, 127] (0.9684957846472415 6548)
[19, 72, 75, 106, 127] (0.9588818222156485 6483)
[19, 37, 55, 75, 124] (0.958438100872652 6480)
[19, 37, 72, 124, 127] (0.951042745156042 6430)
[37, 75, 88, 91, 109] (0.9735246265345363 6582)
[37, 72, 88, 109, 127] (0.954740423014347 6455)
[88, 91, 106, 109, 127] (0.9748557905635261 6591)
[34, 37, 91, 106, 127] (0.9526697234136962 6441)
[37, 55, 88, 109, 127] (0.9668688063895874 6537)
[55, 75, 88, 91, 124] (0.960656707587635 6495)
[37, 55, 88, 109, 124] (0.955479958586008 6460)
[34, 37, 55, 75, 91] (0.9516343736133708 6434)
[19, 37, 72, 75, 106] (0.9526697234136962 6441)
[37, 55, 106, 109, 124] (0.957698565300991 6475)
[19, 55, 91, 109, 124] (0.9686436917615737 6549)
[37, 72, 88, 91, 109] (0.9565153083863334 6467)
[19, 72, 106, 109, 127] (0.9588818222156485 6483)
[16, 19, 55, 109, 127] (0.954740423014347 6455)
[37, 55, 72, 91, 109] (0.9581422866439876 6478)
[19, 75, 85, 91, 127] (0.951042745156042 6430)
[72, 75, 91, 124, 127] (0.9645022925602722 6521)
[55, 72, 88, 91, 109] (0.9548883301286792 6456)
[19, 37, 75, 91, 109] (0.9787013755361633 6617)
[34, 37, 55, 75, 127] (0.9504511166987132 6426)
[19, 37, 72, 75, 109] (0.9622836858452891 6506)
[72, 88, 91, 109, 124] (0.9513385593847064 6432)
[19, 37, 55, 75, 91] (0.9710102055908889 6565)
[72, 91, 106, 124, 127] (0.9529655376423606 6443)
[19, 55, 75, 88, 91] (0.9677562490755806 6543)
[55, 72, 91, 124, 127] (0.9548883301286792 6456)
[37, 72, 75, 106, 109] (0.9587339151013163 6482)
[72, 88, 91, 109, 127] (0.9627274071882858 6509)
[19, 37, 72, 106, 127] (0.9508948380417098 6429)
[75, 91, 103, 109, 127] (0.9522260020706996 6438)
[72, 75, 106, 124, 127] (0.9535571660996894 6447)
[52, 75, 91, 109, 127] (0.9538529803283538 6449)
[19, 55, 88, 91, 106] (0.9609525218162993 6497)
[37, 75, 88, 106, 109] (0.9639106641029433 6517)
[55, 72, 88, 109, 127] (0.9531134447566928 6444)
[19, 88, 91, 106, 109] (0.9705664842478923 6562)
[19, 34, 37, 75, 91] (0.9551841443573436 6458)
[19, 55, 88, 106, 109] (0.9609525218162993 6497)
[16, 19, 55, 75, 127] (0.9519301878420352 6436)
[19, 37, 88, 106, 127] (0.9608046147019672 6496)
[37, 55, 109, 124, 127] (0.9673125277325839 6540)
[37, 72, 91, 106, 109] (0.9581422866439876 6478)
[19, 55, 72, 88, 91] (0.9507469309273776 6428)
[55, 75, 91, 106, 109] (0.9735246265345363 6582)
[75, 91, 106, 124, 127] (0.9699748557905635 6558)
[37, 72, 75, 91, 127] (0.9679041561899128 6544)
[16, 75, 91, 109, 127] (0.9590297293299808 6484)
[19, 37, 72, 91, 124] (0.9504511166987132 6426)
[19, 55, 72, 91, 106] (0.9504511166987132 6426)
[19, 55, 72, 75, 109] (0.960656707587635 6495)
[37, 72, 75, 88, 127] (0.9566632155006656 6468)
[55, 72, 75, 91, 124] (0.9548883301286792 6456)
[37, 55, 72, 75, 127] (0.9588818222156485 6483)
[16, 55, 91, 109, 127] (0.9541487945570182 6451)
[37, 75, 91, 109, 124] (0.9716018340482178 6569)
[19, 55, 106, 124, 127] (0.9596213577873096 6488)
[75, 88, 91, 124, 127] (0.970270670019228 6560)
[55, 75, 88, 106, 109] (0.9622836858452891 6506)
[16, 19, 37, 75, 109] (0.9534092589853572 6446)
[37, 88, 106, 109, 127] (0.9668688063895874 6537)
[72, 88, 109, 124, 127] (0.9513385593847064 6432)
[72, 75, 109, 124, 127] (0.9631711285312824 6512)
[19, 55, 72, 75, 106] (0.951042745156042 6430)
[19, 37, 55, 106, 109] (0.9647981067889365 6523)
[37, 88, 106, 109, 124] (0.955479958586008 6460)
[37, 75, 91, 109, 127] (0.982990681851797 6646)
[37, 52, 55, 109, 127] (0.9511906522703742 6431)
[19, 37, 75, 91, 106] (0.9690874131045704 6552)
[16, 19, 75, 106, 127] (0.9500073953557167 6423)
[37, 55, 75, 106, 109] (0.9661292708179263 6532)
[19, 88, 91, 106, 127] (0.9687915988759059 6550)
[19, 37, 55, 75, 127] (0.9698269486762313 6557)
[37, 55, 88, 91, 124] (0.9574027510723265 6473)
[72, 75, 106, 109, 124] (0.9535571660996894 6447)
[34, 37, 55, 109, 127] (0.953261351871025 6445)
[19, 55, 75, 91, 124] (0.9658334565892619 6530)
[55, 72, 91, 109, 127] (0.96435438544594 6520)
[75, 103, 106, 109, 127] (0.9528176305280284 6442)
[19, 85, 88, 91, 109] (0.9556278657003402 6461)
[19, 75, 91, 124, 127] (0.9754474190208549 6595)
[55, 85, 88, 91, 109] (0.9520780949563674 6437)
[19, 88, 91, 106, 124] (0.9574027510723265 6473)
[37, 55, 75, 88, 106] (0.9542967016713504 6452)
[34, 91, 109, 124, 127] (0.9508948380417098 6429)
[37, 72, 75, 91, 124] (0.9565153083863334 6467)
[37, 55, 75, 88, 109] (0.9639106641029433 6517)
[72, 88, 91, 124, 127] (0.953261351871025 6445)
[85, 91, 106, 109, 127] (0.950303209584381 6425)
[37, 72, 106, 109, 127] (0.95695902972933 6470)
[16, 19, 75, 91, 127] (0.9609525218162993 6497)
[19, 55, 72, 91, 109] (0.9600650791303061 6491)
[55, 72, 91, 109, 124] (0.9529655376423606 6443)
[55, 72, 91, 106, 109] (0.9565153083863334 6467)
[19, 37, 72, 91, 127] (0.9618399645022926 6503)
[75, 85, 88, 91, 109] (0.95695902972933 6470)
[37, 55, 88, 91, 127] (0.9687915988759059 6550)
[19, 55, 91, 106, 109] (0.9721934625055465 6573)
[72, 75, 106, 109, 127] (0.9649460139032687 6524)
[19, 55, 75, 91, 127] (0.9772223043928413 6607)
[19, 55, 72, 109, 127] (0.9588818222156485 6483)
[19, 37, 106, 124, 127] (0.9612483360449637 6499)
[19, 55, 75, 88, 109] (0.9658334565892619 6530)
[85, 88, 106, 109, 127] (0.950303209584381 6425)
[16, 19, 37, 75, 91] (0.954740423014347 6455)
[19, 72, 91, 109, 124] (0.9565153083863334 6467)
[34, 37, 75, 91, 109] (0.9593255435586452 6486)
[85, 88, 91, 106, 109] (0.9520780949563674 6437)
[16, 19, 37, 109, 127] (0.9563674012720011 6466)
[37, 75, 109, 124, 127] (0.9721934625055465 6573)
[37, 75, 91, 106, 124] (0.9619878716166248 6504)
[16, 19, 55, 75, 91] (0.9531134447566928 6444)
[19, 55, 75, 106, 109] (0.968052063304245 6545)
[37, 55, 75, 91, 124] (0.9639106641029433 6517)
[19, 55, 75, 88, 106] (0.9562194941576689 6465)
[72, 88, 106, 109, 127] (0.9531134447566928 6444)
[37, 91, 103, 106, 109] (0.9507469309273776 6428)
[19, 88, 91, 124, 127] (0.9689395059902381 6551)
[88, 106, 109, 124, 127] (0.9634669427599467 6514)
[19, 34, 75, 109, 127] (0.9520780949563674 6437)
[55, 72, 75, 106, 109] (0.9571069368436622 6471)
[19, 37, 88, 124, 127] (0.9609525218162993 6497)
[19, 52, 55, 91, 109] (0.9542967016713504 6452)
[16, 75, 91, 106, 109] (0.9511906522703742 6431)
[55, 75, 106, 109, 127] (0.9723413696198787 6574)
[55, 72, 75, 88, 127] (0.9550362372430113 6457)
[19, 91, 103, 109, 127] (0.9508948380417098 6429)
[72, 75, 88, 109, 127] (0.9627274071882858 6509)
[19, 106, 109, 124, 127] (0.9692353202189026 6553)
[19, 55, 72, 75, 127] (0.9608046147019672 6496)
[37, 85, 88, 91, 127] (0.9538529803283538 6449)
[34, 55, 91, 109, 127] (0.9526697234136962 6441)
[72, 75, 91, 109, 124] (0.9625795000739535 6508)
[16, 19, 91, 109, 127] (0.9637627569886111 6516)
[19, 37, 88, 91, 109] (0.9721934625055465 6573)
[16, 19, 91, 124, 127] (0.9542967016713504 6452)
[37, 55, 75, 88, 127] (0.9640585712172756 6518)
[34, 37, 91, 109, 124] (0.9508948380417098 6429)
[19, 75, 88, 109, 124] (0.9622836858452891 6506)
[19, 55, 72, 75, 91] (0.9619878716166248 6504)
[19, 37, 55, 72, 109] (0.9526697234136962 6441)
[75, 88, 91, 106, 127] (0.9701227629048957 6559)
[16, 55, 75, 109, 127] (0.9500073953557167 6423)
[72, 75, 91, 109, 127] (0.973968347877533 6585)
[16, 19, 55, 91, 127] (0.9560715870433368 6464)
[19, 37, 55, 106, 124] (0.9516343736133708 6434)
[75, 91, 109, 124, 127] (0.9795888182221565 6623)
[55, 91, 109, 124, 127] (0.9747078834491939 6590)
[16, 19, 91, 109, 124] (0.9523739091850318 6439)
[19, 37, 88, 91, 106] (0.9625795000739535 6508)
[37, 55, 75, 88, 124] (0.9526697234136962 6441)
[34, 37, 88, 91, 127] (0.9529655376423606 6443)
[19, 37, 75, 88, 109] (0.9674604348469161 6541)
[19, 72, 91, 109, 127] (0.9679041561899128 6544)
[19, 37, 55, 75, 88] (0.9597692649016417 6489)
[37, 75, 91, 106, 127] (0.9733767194202041 6581)
[16, 75, 106, 109, 127] (0.9500073953557167 6423)
[34, 37, 91, 109, 127] (0.9622836858452891 6506)
[19, 75, 88, 91, 127] (0.9755953261351871 6596)
[55, 72, 75, 91, 127] (0.9662771779322585 6533)
[16, 37, 91, 109, 127] (0.9557757728146724 6462)
[19, 34, 37, 109, 127] (0.9568111226149978 6469)
[72, 75, 91, 106, 109] (0.9661292708179263 6532)
[19, 75, 88, 109, 127] (0.9736725336488685 6583)
[19, 72, 75, 91, 106] (0.9600650791303061 6491)
[72, 106, 109, 124, 127] (0.9535571660996894 6447)
[19, 55, 88, 109, 127] (0.9687915988759059 6550)
[55, 88, 106, 124, 127] (0.9538529803283538 6449)
[55, 106, 109, 124, 127] (0.9656855494749298 6529)
[37, 55, 91, 106, 109] (0.970270670019228 6560)
[19, 55, 72, 75, 88] (0.9507469309273776 6428)
[72, 88, 91, 106, 127] (0.9531134447566928 6444)
[37, 55, 91, 124, 127] (0.9686436917615737 6549)
[19, 52, 55, 75, 109] (0.9501553024700488 6424)
[19, 37, 106, 109, 127] (0.9726371838485431 6576)
[19, 34, 37, 75, 127] (0.954000887442686 6450)
[37, 75, 106, 124, 127] (0.9625795000739535 6508)
[19, 91, 103, 106, 127] (0.9508948380417098 6429)
[19, 75, 88, 91, 124] (0.9642064783316078 6519)
[19, 37, 91, 106, 109] (0.9738204407632007 6584)
[19, 72, 75, 88, 109] (0.958438100872652 6480)
[16, 19, 75, 88, 91] (0.9514864664990386 6433)
[55, 75, 88, 91, 109] (0.9718976482768821 6571)
[75, 88, 106, 109, 124] (0.9587339151013163 6482)
[52, 55, 75, 91, 109] (0.9556278657003402 6461)
[19, 37, 75, 88, 124] (0.9562194941576689 6465)
[19, 37, 75, 106, 109] (0.9696790415618991 6556)
[19, 72, 75, 91, 109] (0.9696790415618991 6556)
[16, 37, 75, 109, 127] (0.9516343736133708 6434)
[19, 37, 75, 88, 127] (0.9676083419612483 6542)
[19, 55, 106, 109, 127] (0.9710102055908889 6565)
[37, 55, 88, 106, 127] (0.9572548439579944 6472)
[55, 88, 91, 106, 127] (0.9652418281319332 6526)
[19, 72, 75, 88, 91] (0.9603608933589706 6493)
[75, 88, 106, 109, 127] (0.9701227629048957 6559)
[16, 19, 75, 124, 127] (0.9501553024700488 6424)
[55, 75, 88, 91, 106] (0.9622836858452891 6506)
[19, 55, 88, 109, 124] (0.9574027510723265 6473)
[16, 19, 37, 91, 109] (0.9575506581866587 6474)
[72, 75, 88, 106, 109] (0.9548883301286792 6456)
[75, 88, 106, 124, 127] (0.9587339151013163 6482)
[72, 75, 88, 109, 124] (0.9513385593847064 6432)
[72, 75, 88, 91, 127] (0.9646501996746043 6522)
[19, 72, 88, 109, 127] (0.9566632155006656 6468)
[16, 37, 75, 91, 109] (0.9528176305280284 6442)
[19, 34, 37, 55, 91] (0.950303209584381 6425)
[19, 34, 75, 91, 127] (0.9534092589853572 6446)
[37, 75, 88, 91, 127] (0.9736725336488685 6583)
[19, 37, 55, 88, 124] (0.9513385593847064 6432)
[37, 52, 55, 91, 127] (0.952521816299364 6440)
[19, 72, 91, 106, 127] (0.9582901937583198 6479)
[19, 37, 72, 88, 127] (0.9505990238130454 6427)
[37, 75, 88, 91, 124] (0.9622836858452891 6506)
[34, 37, 91, 124, 127] (0.9528176305280284 6442)
[55, 88, 91, 106, 124] (0.9538529803283538 6449)
[19, 34, 91, 109, 127] (0.9562194941576689 6465)
[19, 34, 37, 91, 109] (0.9579943795296554 6477)
[19, 55, 106, 109, 124] (0.9596213577873096 6488)
[19, 37, 55, 88, 127] (0.9627274071882858 6509)
[34, 37, 55, 91, 127] (0.9545925159000148 6454)
[19, 37, 72, 88, 91] (0.9523739091850318 6439)
[19, 72, 75, 106, 109] (0.960656707587635 6495)
[34, 37, 91, 106, 109] (0.9544446087856826 6453)
[19, 55, 72, 106, 109] (0.951042745156042 6430)
[37, 72, 75, 88, 91] (0.958438100872652 6480)
[37, 55, 75, 91, 127] (0.9752995119065228 6594)
[75, 88, 109, 124, 127] (0.9683478775329093 6547)
[19, 37, 106, 109, 124] (0.9612483360449637 6499)
[91, 103, 106, 109, 127] (0.95695902972933 6470)
[37, 72, 109, 124, 127] (0.9551841443573436 6458)
[19, 75, 85, 88, 127] (0.951042745156042 6430)
[34, 37, 88, 109, 127] (0.951042745156042 6430)
[75, 91, 106, 109, 127] (0.9813637035941429 6635)
[55, 88, 91, 106, 109] (0.9670167135039195 6538)
[55, 88, 91, 109, 124] (0.9634669427599467 6514)
[19, 37, 72, 75, 127] (0.9624315929596213 6507)
[37, 88, 91, 106, 127] (0.9668688063895874 6537)
[19, 75, 91, 109, 127] (0.9849134743381157 6659)
[19, 37, 72, 91, 109] (0.9616920573879604 6502)
[52, 55, 75, 109, 127] (0.9544446087856826 6453)
[16, 19, 91, 106, 127] (0.9541487945570182 6451)
[37, 72, 91, 106, 127] (0.9563674012720011 6466)
[55, 88, 106, 109, 127] (0.9652418281319332 6526)
[19, 88, 106, 124, 127] (0.9574027510723265 6473)
[19, 37, 72, 106, 109] (0.9526697234136962 6441)
[19, 37, 72, 75, 124] (0.951042745156042 6430)
[34, 88, 91, 109, 127] (0.951042745156042 6430)
[19, 55, 88, 91, 124] (0.9593255435586452 6486)
[72, 75, 88, 91, 124] (0.953261351871025 6445)
[37, 88, 109, 124, 127] (0.9650939210176009 6525)
[75, 91, 106, 109, 124] (0.9699748557905635 6558)
[16, 19, 75, 106, 109] (0.951782280727703 6435)
[19, 72, 88, 91, 127] (0.9585860079869841 6481)
[55, 88, 91, 109, 127] (0.9748557905635261 6591)
[55, 72, 75, 109, 124] (0.9535571660996894 6447)
[19, 75, 91, 109, 124] (0.9735246265345363 6582)
[19, 55, 88, 91, 127] (0.9707143913622245 6563)
[34, 91, 106, 109, 127] (0.9526697234136962 6441)
[37, 88, 91, 106, 124] (0.955479958586008 6460)
[75, 85, 88, 109, 127] (0.9551841443573436 6458)
[52, 55, 91, 109, 127] (0.9585860079869841 6481)
[34, 75, 91, 109, 127] (0.9575506581866587 6474)
[19, 72, 75, 124, 127] (0.9590297293299808 6484)
[37, 55, 75, 88, 91] (0.9658334565892619 6530)
[34, 37, 55, 75, 109] (0.950303209584381 6425)
[19, 37, 55, 109, 127] (0.9726371838485431 6576)
[37, 75, 106, 109, 124] (0.9625795000739535 6508)
[55, 91, 106, 124, 127] (0.9650939210176009 6525)
[55, 85, 88, 91, 127] (0.9522260020706996 6438)
[52, 55, 91, 106, 109] (0.9507469309273776 6428)
[75, 91, 103, 106, 127] (0.9522260020706996 6438)
[55, 75, 109, 124, 127] (0.9705664842478923 6562)
[37, 52, 91, 109, 127] (0.9505990238130454 6427)
[19, 37, 72, 109, 127] (0.9605088004733028 6494)
[16, 19, 55, 75, 109] (0.951782280727703 6435)
[37, 72, 75, 124, 127] (0.9571069368436622 6471)
[19, 88, 91, 109, 127] (0.9784055613074989 6615)
[37, 72, 88, 91, 127] (0.9566632155006656 6468)
[37, 75, 88, 106, 127] (0.962135778730957 6505)
[19, 75, 91, 106, 109] (0.9770743972785091 6606)
[55, 75, 91, 106, 124] (0.9603608933589706 6493)
[55, 75, 88, 109, 127] (0.9701227629048957 6559)
[55, 75, 91, 106, 127] (0.97174974116255 6570)
[19, 72, 75, 88, 127] (0.9585860079869841 6481)
[19, 55, 72, 91, 127] (0.9602129862446384 6492)
[19, 72, 91, 124, 127] (0.958438100872652 6480)
[19, 37, 55, 109, 124] (0.9612483360449637 6499)
[19, 52, 55, 75, 127] (0.950303209584381 6425)
[55, 75, 88, 124, 127] (0.960656707587635 6495)
[37, 75, 106, 109, 127] (0.973968347877533 6585)
[19, 37, 75, 88, 91] (0.9693832273332347 6554)
[19, 37, 75, 88, 106] (0.9578464724153232 6476)
[16, 19, 88, 91, 109] (0.9542967016713504 6452)
[16, 19, 88, 109, 127] (0.952521816299364 6440)
[19, 85, 88, 91, 127] (0.9557757728146724 6462)
[34, 37, 75, 109, 127] (0.9581422866439876 6478)
[19, 55, 75, 91, 109] (0.9770743972785091 6606)
[55, 75, 88, 109, 124] (0.9587339151013163 6482)
[37, 72, 75, 91, 109] (0.9677562490755806 6543)
[19, 75, 106, 109, 124] (0.9645022925602722 6521)
[37, 72, 75, 106, 127] (0.95695902972933 6470)
[16, 19, 109, 124, 127] (0.9529655376423606 6443)
[37, 75, 88, 106, 124] (0.9507469309273776 6428)
[19, 55, 75, 91, 106] (0.9674604348469161 6541)
[55, 91, 106, 109, 124] (0.9650939210176009 6525)
[19, 103, 106, 109, 127] (0.9514864664990386 6433)
[75, 88, 91, 106, 124] (0.9587339151013163 6482)
[19, 37, 55, 106, 127] (0.9630232214169502 6511)
[19, 88, 91, 109, 124] (0.9670167135039195 6538)
[37, 72, 75, 88, 109] (0.9565153083863334 6467)
[34, 37, 75, 88, 91] (0.9500073953557167 6423)
[37, 91, 109, 124, 127] (0.9763348617068481 6601)
[19, 75, 106, 109, 127] (0.9758911403638515 6598)
[37, 72, 75, 91, 106] (0.9581422866439876 6478)
[37, 55, 72, 75, 109] (0.9587339151013163 6482)
[72, 75, 88, 124, 127] (0.953261351871025 6445)
[37, 55, 72, 91, 127] (0.9582901937583198 6479)
[19, 75, 85, 91, 109] (0.9508948380417098 6429)
[37, 88, 106, 124, 127] (0.955479958586008 6460)
[19, 55, 91, 106, 127] (0.9704185771335602 6561)
[37, 88, 91, 109, 127] (0.9764827688211803 6602)
[55, 75, 106, 109, 124] (0.9609525218162993 6497)
[19, 75, 88, 106, 124] (0.9526697234136962 6441)
[55, 72, 75, 124, 127] (0.955479958586008 6460)
[19, 37, 75, 91, 127] (0.9788492826504955 6618)
[55, 72, 75, 109, 127] (0.9649460139032687 6524)
[19, 37, 55, 75, 109] (0.9696790415618991 6556)
[19, 37, 55, 91, 109] (0.9738204407632007 6584)
[19, 85, 91, 109, 127] (0.9538529803283538 6449)
[19, 88, 106, 109, 124] (0.9574027510723265 6473)
[19, 52, 55, 109, 127] (0.9531134447566928 6444)
[16, 19, 37, 75, 127] (0.9535571660996894 6447)
[19, 75, 88, 106, 127] (0.9640585712172756 6518)
[19, 37, 72, 75, 91] (0.9636148498742789 6515)
[37, 55, 75, 124, 127] (0.9645022925602722 6521)
[55, 75, 88, 106, 127] (0.9605088004733028 6494)
[88, 91, 106, 124, 127] (0.9634669427599467 6514)
[75, 106, 109, 124, 127] (0.9705664842478923 6562)
[19, 37, 75, 91, 124] (0.9674604348469161 6541)
[19, 52, 55, 91, 127] (0.9544446087856826 6453)
[37, 88, 91, 109, 124] (0.9650939210176009 6525)
[19, 55, 91, 106, 124] (0.9590297293299808 6484)
[19, 88, 109, 124, 127] (0.9670167135039195 6538)
[19, 88, 106, 109, 127] (0.9687915988759059 6550)
[19, 37, 72, 91, 106] (0.9520780949563674 6437)
[19, 37, 55, 75, 106] (0.9600650791303061 6491)
[19, 37, 55, 91, 106] (0.9642064783316078 6519)
[16, 55, 75, 91, 109] (0.9511906522703742 6431)
[55, 88, 91, 109, 124, 127] (0.9634669427599467 6514)
[37, 72, 88, 91, 109, 127] (0.954740423014347 6455)
[19, 72, 75, 91, 106, 109] (0.9600650791303061 6491)
[19, 55, 72, 75, 88, 91] (0.9507469309273776 6428)
[55, 72, 91, 109, 124, 127] (0.9529655376423606 6443)
[55, 75, 91, 106, 124, 127] (0.9603608933589706 6493)
[72, 75, 88, 91, 124, 127] (0.953261351871025 6445)
[19, 34, 37, 91, 109, 127] (0.9562194941576689 6465)
[19, 55, 91, 106, 124, 127] (0.9590297293299808 6484)
[19, 37, 55, 88, 91, 124] (0.9513385593847064 6432)
[19, 55, 88, 109, 124, 127] (0.9574027510723265 6473)
[37, 75, 106, 109, 124, 127] (0.9625795000739535 6508)
[72, 75, 91, 106, 109, 127] (0.96435438544594 6520)
[19, 37, 55, 72, 75, 127] (0.9528176305280284 6442)
[16, 19, 55, 91, 109, 127] (0.9541487945570182 6451)
[37, 75, 88, 106, 109, 127] (0.962135778730957 6505)
[19, 55, 88, 91, 109, 127] (0.9687915988759059 6550)
[16, 19, 75, 91, 106, 109] (0.9511906522703742 6431)
[19, 88, 91, 106, 124, 127] (0.9574027510723265 6473)
[19, 55, 75, 88, 106, 127] (0.9544446087856826 6453)
[37, 55, 72, 75, 91, 109] (0.9581422866439876 6478)
[19, 37, 75, 91, 109, 127] (0.9769264901641769 6605)
[55, 72, 75, 91, 124, 127] (0.9548883301286792 6456)
[19, 72, 75, 88, 91, 127] (0.9585860079869841 6481)
[19, 37, 75, 91, 106, 124] (0.9559236799290046 6463)
[19, 75, 88, 91, 109, 127] (0.9736725336488685 6583)
[19, 55, 72, 91, 106, 109] (0.9504511166987132 6426)
[55, 75, 88, 91, 106, 127] (0.9605088004733028 6494)
[72, 75, 88, 106, 109, 127] (0.9531134447566928 6444)
[19, 37, 55, 88, 91, 127] (0.9627274071882858 6509)
[37, 55, 91, 109, 124, 127] (0.9667208992752552 6536)
[55, 72, 75, 109, 124, 127] (0.9535571660996894 6447)
[75, 88, 106, 109, 124, 127] (0.9587339151013163 6482)
[37, 55, 91, 106, 124, 127] (0.9571069368436622 6471)
[19, 91, 106, 109, 124, 127] (0.9686436917615737 6549)
[16, 19, 91, 109, 124, 127] (0.9523739091850318 6439)
[16, 19, 55, 75, 91, 109] (0.9511906522703742 6431)
[19, 37, 91, 106, 109, 124] (0.960656707587635 6495)
[19, 37, 75, 88, 124, 127] (0.9562194941576689 6465)
[19, 37, 72, 75, 124, 127] (0.951042745156042 6430)
[19, 37, 75, 91, 106, 127] (0.9673125277325839 6540)
[19, 55, 72, 75, 109, 127] (0.9588818222156485 6483)
[55, 75, 106, 109, 124, 127] (0.9609525218162993 6497)
[72, 88, 91, 106, 109, 127] (0.9531134447566928 6444)
[19, 37, 55, 88, 106, 127] (0.9511906522703742 6431)
[37, 75, 88, 106, 109, 124] (0.9507469309273776 6428)
[19, 37, 55, 72, 109, 127] (0.9508948380417098 6429)
[55, 75, 88, 91, 109, 124] (0.9587339151013163 6482)
[19, 55, 91, 106, 109, 127] (0.9704185771335602 6561)
[19, 37, 91, 106, 109, 127] (0.9720455553912143 6572)
[19, 37, 55, 72, 75, 109] (0.9526697234136962 6441)
[37, 75, 88, 91, 109, 124] (0.9603608933589706 6493)
[37, 75, 88, 91, 106, 127] (0.962135778730957 6505)
[37, 72, 75, 91, 109, 124] (0.9545925159000148 6454)
[37, 75, 88, 91, 109, 127] (0.97174974116255 6570)
[19, 72, 75, 91, 106, 127] (0.9582901937583198 6479)
[19, 88, 106, 109, 124, 127] (0.9574027510723265 6473)
[34, 37, 91, 109, 124, 127] (0.9508948380417098 6429)
[37, 72, 91, 106, 109, 127] (0.9563674012720011 6466)
[55, 75, 88, 106, 109, 127] (0.9605088004733028 6494)
[19, 55, 91, 106, 109, 124] (0.9590297293299808 6484)
[19, 75, 88, 91, 109, 124] (0.9622836858452891 6506)
[37, 52, 55, 91, 109, 127] (0.9505990238130454 6427)
[55, 72, 75, 91, 109, 127] (0.96435438544594 6520)
[19, 37, 75, 91, 106, 109] (0.9690874131045704 6552)
[37, 72, 75, 91, 109, 127] (0.9659813637035941 6531)
[19, 37, 72, 75, 106, 109] (0.9526697234136962 6441)
[37, 75, 88, 91, 106, 124] (0.9507469309273776 6428)
[19, 75, 91, 109, 124, 127] (0.9735246265345363 6582)
[37, 55, 75, 88, 91, 124] (0.9526697234136962 6441)
[16, 19, 37, 75, 91, 127] (0.9529655376423606 6443)
[19, 37, 55, 75, 91, 124] (0.9578464724153232 6476)
[55, 75, 88, 91, 109, 127] (0.9701227629048957 6559)
[55, 72, 91, 106, 109, 127] (0.954740423014347 6455)
[55, 72, 75, 91, 109, 124] (0.9529655376423606 6443)
[55, 85, 88, 91, 109, 127] (0.950303209584381 6425)
[37, 75, 91, 109, 124, 127] (0.9716018340482178 6569)
[19, 37, 55, 109, 124, 127] (0.9612483360449637 6499)
[37, 55, 75, 88, 91, 127] (0.9640585712172756 6518)
[19, 37, 88, 91, 124, 127] (0.9609525218162993 6497)
[19, 55, 106, 109, 124, 127] (0.9596213577873096 6488)
[37, 55, 75, 91, 106, 109] (0.9655376423605976 6528)
[37, 55, 91, 106, 109, 127] (0.9684957846472415 6548)
[19, 75, 91, 106, 124, 127] (0.9639106641029433 6517)
[55, 72, 75, 91, 106, 109] (0.9565153083863334 6467)
[19, 55, 88, 91, 106, 127] (0.959177636444313 6485)
[55, 75, 88, 91, 106, 109] (0.9622836858452891 6506)
[19, 37, 55, 88, 91, 109] (0.9625795000739535 6508)
[72, 88, 91, 109, 124, 127] (0.9513385593847064 6432)
[37, 55, 75, 88, 106, 127] (0.952521816299364 6440)
[19, 37, 91, 109, 124, 127] (0.970270670019228 6560)
[19, 55, 75, 106, 109, 124] (0.9548883301286792 6456)
[37, 55, 75, 88, 124, 127] (0.9526697234136962 6441)
[19, 37, 72, 91, 106, 127] (0.950303209584381 6425)
[19, 55, 75, 88, 106, 109] (0.9562194941576689 6465)
[55, 75, 91, 109, 124, 127] (0.9699748557905635 6558)
[19, 37, 55, 75, 124, 127] (0.958438100872652 6480)
[19, 72, 88, 91, 109, 127] (0.9566632155006656 6468)
[55, 75, 91, 106, 109, 124] (0.9603608933589706 6493)
[55, 75, 88, 91, 124, 127] (0.960656707587635 6495)
[19, 55, 75, 88, 124, 127] (0.9545925159000148 6454)
[19, 37, 55, 72, 91, 127] (0.9522260020706996 6438)
[19, 34, 37, 75, 91, 127] (0.9534092589853572 6446)
[19, 37, 72, 75, 88, 91] (0.9523739091850318 6439)
[19, 37, 88, 91, 106, 109] (0.9625795000739535 6508)
[37, 55, 75, 91, 106, 124] (0.9523739091850318 6439)
[19, 37, 75, 88, 106, 127] (0.9560715870433368 6464)
[37, 55, 91, 106, 109, 124] (0.9571069368436622 6471)
[19, 37, 55, 88, 91, 106] (0.9529655376423606 6443)
[55, 75, 91, 106, 109, 127] (0.97174974116255 6570)
[37, 75, 91, 106, 124, 127] (0.9619878716166248 6504)
[37, 75, 88, 91, 106, 109] (0.9639106641029433 6517)
[37, 55, 72, 75, 91, 127] (0.9582901937583198 6479)
[37, 55, 75, 88, 106, 109] (0.9542967016713504 6452)
[72, 75, 106, 109, 124, 127] (0.9535571660996894 6447)
[19, 72, 75, 91, 124, 127] (0.958438100872652 6480)
[37, 55, 88, 91, 109, 124] (0.955479958586008 6460)
[55, 72, 75, 91, 106, 127] (0.954740423014347 6455)
[19, 37, 75, 88, 109, 127] (0.9656855494749298 6529)
[75, 91, 106, 109, 124, 127] (0.9699748557905635 6558)
[19, 75, 88, 106, 109, 127] (0.9640585712172756 6518)
[19, 37, 72, 88, 91, 109] (0.9504511166987132 6426)
[72, 75, 88, 91, 106, 109] (0.9548883301286792 6456)
[19, 72, 75, 88, 91, 109] (0.958438100872652 6480)
[19, 75, 106, 109, 124, 127] (0.9645022925602722 6521)
[37, 55, 75, 91, 106, 127] (0.9637627569886111 6516)
[19, 88, 91, 109, 124, 127] (0.9670167135039195 6538)
[19, 37, 55, 88, 124, 127] (0.9513385593847064 6432)
[19, 37, 75, 106, 124, 127] (0.9565153083863334 6467)
[19, 37, 75, 88, 109, 124] (0.9542967016713504 6452)
[55, 88, 91, 106, 109, 124] (0.9538529803283538 6449)
[37, 55, 88, 91, 109, 127] (0.9668688063895874 6537)
[37, 72, 75, 106, 109, 127] (0.95695902972933 6470)
[19, 37, 72, 106, 109, 127] (0.9508948380417098 6429)
[37, 72, 75, 109, 124, 127] (0.9551841443573436 6458)
[19, 37, 55, 75, 88, 91] (0.9597692649016417 6489)
[88, 91, 106, 109, 124, 127] (0.9634669427599467 6514)
[72, 75, 91, 106, 124, 127] (0.9529655376423606 6443)
[19, 55, 88, 91, 106, 109] (0.9609525218162993 6497)
[19, 37, 88, 106, 109, 127] (0.9608046147019672 6496)
[19, 55, 75, 106, 109, 127] (0.9662771779322585 6533)
[19, 37, 88, 91, 106, 127] (0.9608046147019672 6496)
[19, 75, 88, 106, 109, 124] (0.9526697234136962 6441)
[37, 88, 91, 109, 124, 127] (0.9650939210176009 6525)
[19, 37, 72, 91, 106, 109] (0.9520780949563674 6437)
[75, 88, 91, 106, 124, 127] (0.9587339151013163 6482)
[19, 37, 72, 88, 91, 127] (0.9505990238130454 6427)
[19, 72, 91, 109, 124, 127] (0.9565153083863334 6467)
[19, 37, 75, 91, 109, 124] (0.9655376423605976 6528)
[19, 55, 75, 91, 124, 127] (0.9658334565892619 6530)
[37, 55, 72, 75, 109, 127] (0.95695902972933 6470)
[16, 19, 75, 91, 109, 127] (0.9590297293299808 6484)
[72, 75, 88, 91, 106, 127] (0.9531134447566928 6444)
[19, 34, 37, 75, 109, 127] (0.9520780949563674 6437)
[16, 19, 75, 106, 109, 127] (0.9500073953557167 6423)
[16, 19, 37, 75, 109, 127] (0.9516343736133708 6434)
[19, 37, 72, 75, 88, 127] (0.9505990238130454 6427)
[19, 55, 75, 109, 124, 127] (0.9645022925602722 6521)
[19, 37, 72, 75, 109, 127] (0.9605088004733028 6494)
[34, 37, 75, 91, 109, 127] (0.9575506581866587 6474)
[37, 72, 75, 91, 106, 127] (0.9563674012720011 6466)
[19, 55, 88, 91, 109, 124] (0.9574027510723265 6473)
[37, 72, 75, 91, 124, 127] (0.9565153083863334 6467)
[85, 88, 91, 106, 109, 127] (0.950303209584381 6425)
[19, 75, 91, 106, 109, 127] (0.9752995119065228 6594)
[37, 72, 75, 88, 91, 127] (0.9566632155006656 6468)
[19, 72, 75, 106, 109, 127] (0.9588818222156485 6483)
[55, 88, 91, 106, 109, 127] (0.9652418281319332 6526)
[19, 75, 88, 91, 106, 109] (0.9658334565892619 6530)
[16, 19, 55, 75, 91, 127] (0.9513385593847064 6432)
[19, 75, 88, 91, 124, 127] (0.9642064783316078 6519)
[19, 37, 55, 106, 109, 127] (0.9630232214169502 6511)
[37, 85, 88, 91, 109, 127] (0.9519301878420352 6436)
[19, 72, 75, 109, 124, 127] (0.9571069368436622 6471)
[19, 37, 55, 106, 109, 124] (0.9516343736133708 6434)
[19, 37, 75, 106, 109, 124] (0.9565153083863334 6467)
[19, 55, 72, 75, 91, 106] (0.9504511166987132 6426)
[19, 37, 55, 72, 75, 91] (0.954000887442686 6450)
[19, 75, 91, 106, 109, 124] (0.9639106641029433 6517)
[37, 72, 75, 88, 109, 127] (0.954740423014347 6455)
[19, 37, 55, 91, 109, 127] (0.9720455553912143 6572)
[19, 37, 88, 91, 109, 127] (0.9704185771335602 6561)
[19, 55, 91, 109, 124, 127] (0.9686436917615737 6549)
[72, 91, 106, 109, 124, 127] (0.9529655376423606 6443)
[19, 37, 75, 88, 91, 106] (0.9578464724153232 6476)
[16, 37, 75, 91, 109, 127] (0.951042745156042 6430)
[55, 88, 91, 106, 124, 127] (0.9538529803283538 6449)
[19, 37, 88, 91, 109, 124] (0.9590297293299808 6484)
[19, 91, 103, 106, 109, 127] (0.9508948380417098 6429)
[55, 72, 88, 91, 109, 127] (0.9531134447566928 6444)
[37, 55, 75, 106, 124, 127] (0.9529655376423606 6443)
[19, 37, 75, 106, 109, 127] (0.9679041561899128 6544)
[19, 55, 72, 75, 91, 127] (0.9602129862446384 6492)
[19, 37, 106, 109, 124, 127] (0.9612483360449637 6499)
[75, 88, 91, 109, 124, 127] (0.9683478775329093 6547)
[55, 72, 75, 106, 109, 127] (0.9553320514716758 6459)
[19, 88, 91, 106, 109, 127] (0.9687915988759059 6550)
[37, 88, 91, 106, 109, 124] (0.955479958586008 6460)
[19, 55, 72, 75, 91, 109] (0.9600650791303061 6491)
[37, 55, 88, 109, 124, 127] (0.955479958586008 6460)
[19, 85, 88, 91, 109, 127] (0.9538529803283538 6449)
[19, 55, 75, 88, 109, 124] (0.9526697234136962 6441)
[19, 75, 85, 88, 91, 109] (0.9508948380417098 6429)
[19, 37, 75, 88, 106, 109] (0.9578464724153232 6476)
[37, 75, 91, 106, 109, 124] (0.9619878716166248 6504)
[19, 37, 75, 88, 91, 127] (0.9676083419612483 6542)
[37, 88, 91, 106, 109, 127] (0.9668688063895874 6537)
[19, 72, 75, 88, 109, 127] (0.9566632155006656 6468)
[37, 55, 88, 91, 124, 127] (0.9574027510723265 6473)
[37, 55, 72, 91, 109, 127] (0.9563674012720011 6466)
[19, 88, 91, 106, 109, 124] (0.9574027510723265 6473)
[19, 37, 55, 72, 91, 109] (0.9520780949563674 6437)
[19, 55, 75, 106, 124, 127] (0.9548883301286792 6456)
[75, 88, 91, 106, 109, 124] (0.9587339151013163 6482)
[19, 55, 75, 88, 109, 127] (0.9640585712172756 6518)
[19, 37, 72, 91, 124, 127] (0.9504511166987132 6426)
[75, 91, 103, 106, 109, 127] (0.9522260020706996 6438)
[55, 72, 75, 88, 109, 127] (0.9531134447566928 6444)
[52, 55, 75, 91, 109, 127] (0.9538529803283538 6449)
[19, 37, 88, 109, 124, 127] (0.9590297293299808 6484)
[19, 37, 75, 88, 91, 124] (0.9562194941576689 6465)
[19, 37, 75, 109, 124, 127] (0.9661292708179263 6532)
[16, 19, 55, 75, 109, 127] (0.9500073953557167 6423)
[37, 75, 88, 106, 124, 127] (0.9507469309273776 6428)
[75, 88, 91, 106, 109, 127] (0.9701227629048957 6559)
[19, 55, 72, 91, 109, 127] (0.9582901937583198 6479)
[37, 75, 88, 109, 124, 127] (0.9603608933589706 6493)
[37, 88, 91, 106, 124, 127] (0.955479958586008 6460)
[19, 34, 37, 75, 91, 109] (0.953261351871025 6445)
[37, 72, 75, 91, 106, 109] (0.9581422866439876 6478)
[19, 75, 85, 88, 91, 127] (0.951042745156042 6430)
[37, 75, 91, 106, 109, 127] (0.9733767194202041 6581)
[19, 37, 55, 91, 124, 127] (0.9625795000739535 6508)
[72, 75, 88, 109, 124, 127] (0.9513385593847064 6432)
[37, 88, 106, 109, 124, 127] (0.955479958586008 6460)
[19, 55, 75, 88, 91, 127] (0.9659813637035941 6531)
[37, 55, 75, 88, 91, 106] (0.9542967016713504 6452)
[19, 52, 55, 91, 109, 127] (0.952521816299364 6440)
[19, 75, 88, 109, 124, 127] (0.9622836858452891 6506)
[19, 72, 75, 91, 109, 127] (0.9679041561899128 6544)
[19, 37, 55, 91, 106, 127] (0.9624315929596213 6507)
[19, 37, 55, 75, 106, 127] (0.9582901937583198 6479)
[16, 19, 91, 106, 109, 127] (0.9541487945570182 6451)
[19, 72, 75, 91, 109, 124] (0.9565153083863334 6467)
[19, 37, 55, 75, 109, 124] (0.9565153083863334 6467)
[16, 19, 88, 91, 109, 127] (0.952521816299364 6440)
[19, 55, 72, 75, 106, 109] (0.951042745156042 6430)
[37, 55, 88, 91, 106, 109] (0.9590297293299808 6484)
[19, 55, 75, 91, 106, 127] (0.9656855494749298 6529)
[16, 19, 37, 75, 91, 109] (0.9528176305280284 6442)
[37, 55, 75, 109, 124, 127] (0.9625795000739535 6508)
[19, 37, 72, 91, 109, 127] (0.9599171720159739 6490)
[19, 37, 75, 91, 124, 127] (0.9674604348469161 6541)
[19, 55, 75, 91, 106, 109] (0.9674604348469161 6541)
[19, 37, 72, 75, 91, 127] (0.9618399645022926 6503)
[55, 75, 88, 109, 124, 127] (0.9587339151013163 6482)
[37, 55, 75, 106, 109, 124] (0.9529655376423606 6443)
[19, 37, 72, 75, 106, 127] (0.9508948380417098 6429)
[19, 37, 55, 75, 91, 109] (0.9690874131045704 6552)
[19, 55, 75, 88, 91, 124] (0.9545925159000148 6454)
[37, 55, 75, 106, 109, 127] (0.96435438544594 6520)
[55, 72, 75, 88, 91, 127] (0.9550362372430113 6457)
[19, 55, 75, 91, 106, 124] (0.9542967016713504 6452)
[72, 75, 88, 91, 109, 127] (0.9627274071882858 6509)
[19, 37, 55, 75, 91, 106] (0.9594734506729774 6487)
[19, 37, 55, 75, 91, 127] (0.9692353202189026 6553)
[37, 55, 75, 88, 91, 109] (0.9639106641029433 6517)
[19, 37, 55, 75, 109, 127] (0.9679041561899128 6544)
[55, 91, 106, 109, 124, 127] (0.9650939210176009 6525)
[19, 55, 88, 106, 109, 127] (0.959177636444313 6485)
[19, 37, 55, 91, 106, 124] (0.951042745156042 6430)
[37, 55, 75, 91, 124, 127] (0.9639106641029433 6517)
[19, 34, 75, 91, 109, 127] (0.9514864664990386 6433)
[37, 55, 88, 91, 106, 127] (0.9572548439579944 6472)
[34, 37, 55, 91, 109, 127] (0.9526697234136962 6441)
[19, 37, 75, 88, 91, 109] (0.9674604348469161 6541)
[19, 37, 91, 106, 124, 127] (0.960656707587635 6495)
[37, 55, 75, 91, 109, 124] (0.9619878716166248 6504)
[19, 37, 72, 75, 88, 109] (0.9504511166987132 6426)
[37, 55, 75, 88, 109, 124] (0.9507469309273776 6428)
[19, 75, 88, 106, 124, 127] (0.9526697234136962 6441)
[34, 37, 88, 91, 109, 127] (0.951042745156042 6430)
[55, 88, 106, 109, 124, 127] (0.9538529803283538 6449)
[19, 37, 55, 91, 109, 124] (0.960656707587635 6495)
[19, 37, 55, 88, 109, 127] (0.9608046147019672 6496)
[37, 55, 75, 88, 109, 127] (0.962135778730957 6505)
[19, 37, 55, 75, 106, 109] (0.9600650791303061 6491)
[16, 19, 37, 91, 109, 127] (0.9557757728146724 6462)
[75, 85, 88, 91, 109, 127] (0.9551841443573436 6458)
[19, 37, 72, 75, 91, 124] (0.9504511166987132 6426)
[19, 37, 55, 91, 106, 109] (0.9642064783316078 6519)
[37, 91, 106, 109, 124, 127] (0.9667208992752552 6536)
[72, 75, 88, 91, 109, 124] (0.9513385593847064 6432)
[19, 55, 75, 91, 109, 124] (0.9639106641029433 6517)
[37, 55, 106, 109, 124, 127] (0.957698565300991 6475)
[19, 55, 75, 88, 91, 106] (0.9562194941576689 6465)
[19, 72, 91, 106, 109, 127] (0.9582901937583198 6479)
[55, 72, 75, 88, 91, 109] (0.9548883301286792 6456)
[37, 55, 75, 91, 109, 127] (0.9733767194202041 6581)
[19, 75, 88, 91, 106, 127] (0.9640585712172756 6518)
[19, 37, 55, 75, 88, 127] (0.9579943795296554 6477)
[72, 75, 91, 106, 109, 124] (0.9529655376423606 6443)
[37, 72, 75, 88, 91, 109] (0.9565153083863334 6467)
[37, 75, 88, 91, 124, 127] (0.9622836858452891 6506)
[37, 72, 91, 109, 124, 127] (0.9545925159000148 6454)
[19, 37, 72, 75, 91, 106] (0.9520780949563674 6437)
[19, 55, 88, 91, 124, 127] (0.9593255435586452 6486)
[19, 55, 75, 91, 109, 127] (0.9752995119065228 6594)
[19, 55, 75, 88, 91, 109] (0.9658334565892619 6530)
[19, 37, 55, 88, 106, 109] (0.9529655376423606 6443)
[72, 75, 91, 109, 124, 127] (0.9625795000739535 6508)
[19, 37, 55, 75, 88, 109] (0.9578464724153232 6476)
[19, 37, 72, 75, 91, 109] (0.9616920573879604 6502)
[19, 75, 88, 91, 106, 124] (0.9526697234136962 6441)
[19, 37, 55, 106, 124, 127] (0.9516343736133708 6434)
[34, 37, 91, 106, 109, 127] (0.9526697234136962 6441)
[37, 55, 88, 106, 109, 127] (0.9572548439579944 6472)
[19, 37, 75, 88, 91, 106, 127] (0.9560715870433368 6464)
[19, 37, 75, 88, 91, 124, 127] (0.9562194941576689 6465)
[55, 75, 88, 91, 106, 109, 127] (0.9605088004733028 6494)
[72, 75, 91, 106, 109, 124, 127] (0.9529655376423606 6443)
[19, 37, 75, 88, 109, 124, 127] (0.9542967016713504 6452)
[19, 37, 75, 88, 91, 109, 124] (0.9542967016713504 6452)
[19, 72, 75, 88, 91, 109, 127] (0.9566632155006656 6468)
[37, 55, 75, 91, 109, 124, 127] (0.9619878716166248 6504)
[37, 55, 75, 88, 91, 109, 127] (0.962135778730957 6505)
[19, 37, 55, 75, 91, 109, 127] (0.9673125277325839 6540)
[37, 75, 88, 91, 109, 124, 127] (0.9603608933589706 6493)
[19, 37, 72, 75, 91, 124, 127] (0.9504511166987132 6426)
[19, 88, 91, 106, 109, 124, 127] (0.9574027510723265 6473)
[19, 55, 75, 91, 109, 124, 127] (0.9639106641029433 6517)
[55, 75, 88, 91, 109, 124, 127] (0.9587339151013163 6482)
[19, 34, 37, 75, 91, 109, 127] (0.9514864664990386 6433)
[19, 37, 55, 106, 109, 124, 127] (0.9516343736133708 6434)
[37, 55, 75, 88, 109, 124, 127] (0.9507469309273776 6428)
[19, 55, 75, 88, 106, 109, 127] (0.9544446087856826 6453)
[55, 88, 91, 106, 109, 124, 127] (0.9538529803283538 6449)
[19, 55, 75, 88, 91, 106, 127] (0.9544446087856826 6453)
[19, 37, 55, 75, 109, 124, 127] (0.9565153083863334 6467)
[19, 37, 55, 88, 91, 124, 127] (0.9513385593847064 6432)
[19, 37, 55, 88, 91, 106, 127] (0.9511906522703742 6431)
[72, 75, 88, 91, 106, 109, 127] (0.9531134447566928 6444)
[55, 72, 75, 88, 91, 109, 127] (0.9531134447566928 6444)
[19, 37, 75, 88, 91, 109, 127] (0.9656855494749298 6529)
[37, 55, 88, 91, 109, 124, 127] (0.955479958586008 6460)
[19, 37, 72, 75, 106, 109, 127] (0.9508948380417098 6429)
[19, 75, 88, 91, 106, 124, 127] (0.9526697234136962 6441)
[19, 55, 75, 88, 91, 109, 127] (0.9640585712172756 6518)
[19, 37, 55, 75, 91, 109, 124] (0.9559236799290046 6463)
[55, 72, 75, 91, 109, 124, 127] (0.9529655376423606 6443)
[19, 37, 72, 75, 91, 106, 127] (0.950303209584381 6425)
[19, 37, 55, 91, 106, 109, 127] (0.9624315929596213 6507)
[37, 55, 75, 88, 91, 106, 109] (0.9542967016713504 6452)
[19, 37, 72, 75, 91, 109, 127] (0.9599171720159739 6490)
[37, 55, 75, 91, 106, 124, 127] (0.9523739091850318 6439)
[19, 55, 72, 75, 91, 106, 109] (0.9504511166987132 6426)
[37, 72, 75, 91, 109, 124, 127] (0.9545925159000148 6454)
[19, 37, 55, 75, 91, 124, 127] (0.9578464724153232 6476)
[19, 55, 75, 88, 91, 109, 124] (0.9526697234136962 6441)
[19, 37, 88, 91, 109, 124, 127] (0.9590297293299808 6484)
[19, 37, 75, 91, 106, 124, 127] (0.9559236799290046 6463)
[19, 37, 72, 75, 88, 91, 109] (0.9504511166987132 6426)
[19, 37, 55, 75, 106, 109, 127] (0.9582901937583198 6479)
[19, 37, 75, 88, 91, 106, 109] (0.9578464724153232 6476)
[19, 37, 55, 72, 75, 91, 109] (0.9520780949563674 6437)
[19, 37, 55, 72, 91, 109, 127] (0.950303209584381 6425)
[19, 37, 75, 106, 109, 124, 127] (0.9565153083863334 6467)
[19, 55, 91, 106, 109, 124, 127] (0.9590297293299808 6484)
[37, 55, 75, 88, 91, 109, 124] (0.9507469309273776 6428)
[19, 72, 75, 91, 109, 124, 127] (0.9565153083863334 6467)
[75, 88, 91, 106, 109, 124, 127] (0.9587339151013163 6482)
[37, 55, 88, 91, 106, 109, 127] (0.9572548439579944 6472)
[37, 88, 91, 106, 109, 124, 127] (0.955479958586008 6460)
[19, 55, 75, 91, 106, 109, 124] (0.9542967016713504 6452)
[37, 55, 91, 106, 109, 124, 127] (0.9571069368436622 6471)
[19, 37, 72, 75, 91, 106, 109] (0.9520780949563674 6437)
[19, 37, 55, 91, 106, 109, 124] (0.951042745156042 6430)
[19, 55, 75, 91, 106, 109, 127] (0.9656855494749298 6529)
[19, 37, 55, 88, 91, 106, 109] (0.9529655376423606 6443)
[19, 37, 75, 91, 106, 109, 127] (0.9673125277325839 6540)
[19, 75, 88, 106, 109, 124, 127] (0.9526697234136962 6441)
[19, 55, 75, 88, 91, 124, 127] (0.9545925159000148 6454)
[37, 72, 75, 91, 106, 109, 127] (0.9563674012720011 6466)
[19, 55, 75, 106, 109, 124, 127] (0.9548883301286792 6456)
[19, 37, 55, 91, 109, 124, 127] (0.960656707587635 6495)
[19, 72, 75, 91, 106, 109, 127] (0.9582901937583198 6479)
[19, 37, 55, 75, 91, 106, 109] (0.9594734506729774 6487)
[19, 37, 75, 91, 106, 109, 124] (0.9559236799290046 6463)
[37, 55, 72, 75, 91, 109, 127] (0.9563674012720011 6466)
[19, 37, 55, 88, 106, 109, 127] (0.9511906522703742 6431)
[37, 55, 75, 88, 91, 106, 127] (0.952521816299364 6440)
[19, 75, 88, 91, 109, 124, 127] (0.9622836858452891 6506)
[37, 75, 88, 91, 106, 124, 127] (0.9507469309273776 6428)
[19, 37, 75, 88, 106, 109, 127] (0.9560715870433368 6464)
[37, 75, 88, 106, 109, 124, 127] (0.9507469309273776 6428)
[55, 75, 91, 106, 109, 124, 127] (0.9603608933589706 6493)
[19, 75, 91, 106, 109, 124, 127] (0.9639106641029433 6517)
[19, 55, 72, 75, 91, 109, 127] (0.9582901937583198 6479)
[37, 75, 91, 106, 109, 124, 127] (0.9619878716166248 6504)
[19, 55, 75, 88, 109, 124, 127] (0.9526697234136962 6441)
[37, 55, 75, 88, 106, 109, 127] (0.952521816299364 6440)
[72, 75, 88, 91, 109, 124, 127] (0.9513385593847064 6432)
[55, 72, 75, 91, 106, 109, 127] (0.954740423014347 6455)
[19, 37, 55, 72, 75, 109, 127] (0.9508948380417098 6429)
[19, 37, 72, 91, 106, 109, 127] (0.950303209584381 6425)
[19, 37, 55, 72, 75, 91, 127] (0.9522260020706996 6438)
[19, 37, 72, 75, 88, 91, 127] (0.9505990238130454 6427)
[37, 55, 75, 91, 106, 109, 127] (0.9637627569886111 6516)
[19, 55, 88, 91, 109, 124, 127] (0.9574027510723265 6473)
[19, 37, 91, 106, 109, 124, 127] (0.960656707587635 6495)
[37, 75, 88, 91, 106, 109, 124] (0.9507469309273776 6428)
[19, 55, 75, 91, 106, 124, 127] (0.9542967016713504 6452)
[37, 55, 75, 91, 106, 109, 124] (0.9523739091850318 6439)
[37, 72, 75, 88, 91, 109, 127] (0.954740423014347 6455)
[19, 37, 88, 91, 106, 109, 127] (0.9608046147019672 6496)
[19, 75, 88, 91, 106, 109, 124] (0.9526697234136962 6441)
[19, 55, 75, 88, 91, 106, 109] (0.9562194941576689 6465)
[19, 37, 55, 88, 91, 109, 127] (0.9608046147019672 6496)
[37, 55, 75, 106, 109, 124, 127] (0.9529655376423606 6443)
[16, 19, 37, 75, 91, 109, 127] (0.951042745156042 6430)
[19, 37, 55, 75, 88, 91, 109] (0.9578464724153232 6476)
[19, 37, 55, 75, 91, 106, 127] (0.957698565300991 6475)
[19, 37, 55, 75, 88, 109, 127] (0.9560715870433368 6464)
[19, 37, 75, 91, 109, 124, 127] (0.9655376423605976 6528)
[19, 75, 88, 91, 106, 109, 127] (0.9640585712172756 6518)
[19, 55, 88, 91, 106, 109, 127] (0.959177636444313 6485)
[19, 37, 55, 91, 106, 124, 127] (0.951042745156042 6430)
[37, 75, 88, 91, 106, 109, 127] (0.962135778730957 6505)
[37, 55, 75, 88, 91, 124, 127] (0.9526697234136962 6441)
[19, 37, 55, 75, 88, 91, 127] (0.9579943795296554 6477)
[19, 37, 55, 72, 75, 91, 109, 127] (0.950303209584381 6425)
[37, 55, 75, 91, 106, 109, 124, 127] (0.9523739091850318 6439)
[19, 37, 72, 75, 91, 106, 109, 127] (0.950303209584381 6425)
[19, 37, 75, 88, 91, 109, 124, 127] (0.9542967016713504 6452)
[37, 55, 75, 88, 91, 106, 109, 127] (0.952521816299364 6440)
[19, 55, 75, 88, 91, 109, 124, 127] (0.9526697234136962 6441)
[19, 37, 55, 75, 91, 109, 124, 127] (0.9559236799290046 6463)
[19, 37, 55, 75, 88, 91, 109, 127] (0.9560715870433368 6464)
[37, 75, 88, 91, 106, 109, 124, 127] (0.9507469309273776 6428)
[19, 37, 55, 91, 106, 109, 124, 127] (0.951042745156042 6430)
[19, 37, 75, 91, 106, 109, 124, 127] (0.9559236799290046 6463)
[19, 37, 55, 75, 91, 106, 109, 127] (0.957698565300991 6475)
[37, 55, 75, 88, 91, 109, 124, 127] (0.9507469309273776 6428)
[19, 55, 75, 88, 91, 106, 109, 127] (0.9544446087856826 6453)
[19, 37, 55, 88, 91, 106, 109, 127] (0.9511906522703742 6431)
[19, 37, 75, 88, 91, 106, 109, 127] (0.9560715870433368 6464)
[19, 75, 88, 91, 106, 109, 124, 127] (0.9526697234136962 6441)
[19, 55, 75, 91, 106, 109, 124, 127] (0.9542967016713504 6452)
